     0/511     14.6G   0.08187   0.04335   0.04424    0.1695       191      1024 1.321e-05   0.03118 6.026e-06 1.198e-06   0.06533   0.01344   0.02841
     1/511       20G   0.05908   0.03814   0.03821    0.1354        78      1024    0.3969    0.1045   0.02945   0.02078   0.03558   0.01095    0.0285
     2/511       20G   0.03789   0.03327    0.0336    0.1048        38      1024    0.3957    0.4045   0.04644   0.03332   0.02535   0.01405   0.02767
     3/511       20G   0.03681   0.03302   0.03117     0.101       124      1024   0.02891    0.4619   0.03244   0.01952    0.0387   0.01198   0.03796
     4/511       20G   0.03005    0.0318   0.02684   0.08869       115      1024    0.1408    0.6539    0.0809   0.06141   0.02209   0.01308     0.024
     5/511       20G   0.02724   0.03066   0.02294   0.08083       166      1024    0.2523    0.4809   0.08753   0.06769   0.01814   0.01462   0.02102
     6/511       20G   0.02505   0.02913    0.0199   0.07408        98      1024    0.1728    0.4625   0.09279   0.07115   0.02047   0.01339   0.02162
     7/511       20G   0.02944   0.03044   0.02095   0.08083        70      1024     0.074    0.4236   0.07737   0.05473   0.03265   0.01387   0.02216
     8/511       20G   0.03521   0.03233   0.02414   0.09168        85      1024   0.04323    0.4922   0.06315   0.04631   0.03064   0.01301   0.03027
     9/511       20G   0.02923    0.0305   0.02053   0.08026       112      1024    0.1055    0.6117    0.1065   0.08297   0.02386   0.01514   0.01715
    10/511       20G   0.02758   0.03023    0.0191    0.0769       110      1024     0.121    0.6618    0.1206   0.09553   0.02232   0.01506   0.01501
    11/511       20G   0.02633    0.0296   0.01709   0.07302       133      1024    0.1144    0.6572    0.1234    0.0976   0.02242   0.01518   0.01511
    12/511       20G   0.02643   0.02949    0.0166   0.07252       164      1024    0.1335    0.6517    0.1286    0.1025   0.02081   0.01578   0.01338
    13/511       20G   0.02468   0.02863   0.01452   0.06783       135      1024    0.1129    0.7715    0.1309    0.1026   0.02081   0.01487   0.01313
    14/511       20G   0.02609   0.02891   0.01444   0.06944       181      1024    0.2157    0.5097    0.1348    0.1058   0.02184   0.01559   0.01866
    15/511       20G   0.02529   0.02823    0.0133   0.06681       144      1024    0.1274    0.6016    0.1274    0.1022   0.02209   0.01418   0.01428
    16/511       20G   0.02466   0.02816   0.01192   0.06474       203      1024    0.0494    0.4987   0.06391   0.04878    0.0303   0.01398   0.02538
    17/511       20G    0.0243   0.02748   0.01101   0.06279       158      1024    0.1529    0.7234    0.1586    0.1285   0.02014   0.01506    0.0089
    18/511       20G   0.02389   0.02744   0.01013   0.06147        91      1024    0.1477    0.7626    0.1586    0.1281   0.01978   0.01592  0.007836
    19/511       20G   0.02338   0.02699  0.009555   0.05993       120      1024    0.1457    0.6826    0.1455    0.1183   0.01936    0.0151   0.01141
    20/511       20G   0.02339   0.02679  0.009171   0.05935       127      1024    0.1484    0.7038    0.1524    0.1236    0.0193   0.01505  0.009022
    21/511       20G   0.02619   0.02809   0.01226   0.06654        74      1024    0.2083    0.5619    0.1321    0.1055   0.02271   0.01537   0.01544
    22/511       20G   0.02361   0.02712  0.009919   0.06065        85      1024    0.1524    0.7792    0.1599    0.1303   0.01904   0.01598  0.006802
    23/511       20G   0.02315   0.02697  0.008884     0.059       135      1024    0.1545    0.7567    0.1596    0.1306    0.0195   0.01535   0.00618
    24/511       20G   0.02223    0.0264  0.007853   0.05649       116      1024    0.1551    0.8204    0.1624    0.1332   0.01914   0.01549  0.005646
    25/511       20G   0.02606   0.02815   0.01269   0.06691        73      1024    0.2238    0.5843    0.1497    0.1188   0.02096   0.01613   0.01083
    26/511       20G   0.02571   0.02817   0.01195   0.06583       125      1024     0.107    0.5549    0.1234   0.09654   0.02226    0.0162   0.01808
    27/511       20G   0.02466   0.02724   0.01052   0.06242        81      1024    0.2962   0.05822   0.01648    0.0128   0.06143    0.0136   0.06061
    28/511       20G   0.02774   0.02871    0.0134   0.06985       177      1024    0.1212    0.6746    0.1419    0.1142   0.02017   0.01549   0.01306
    29/511       20G   0.02447   0.02739   0.01044   0.06229        63      1024    0.1452    0.7966    0.1598    0.1301   0.01909   0.01614  0.007267
    30/511       20G   0.02389   0.02686  0.008787   0.05954       174      1024    0.1558    0.7395    0.1631    0.1339   0.01819   0.01681  0.005672
    31/511       20G   0.02264   0.02649  0.007953   0.05709        48      1024    0.1558    0.8044    0.1635    0.1339    0.0185   0.01586  0.004919
    32/511       20G   0.02297   0.02624  0.007779   0.05699       102      1024    0.1556    0.8263    0.1643    0.1347   0.01818   0.01565  0.004608
    33/511       20G   0.02414   0.02694   0.00896   0.06004       138      1024      0.12    0.6507    0.1367    0.1105   0.01995     0.015   0.01574
    34/511       20G   0.02259   0.02663  0.007911   0.05713       105      1024    0.1543    0.8169    0.1645    0.1357   0.01836   0.01622  0.004886
    35/511       20G   0.02234   0.02631  0.007013   0.05566       142      1024    0.1552    0.8038    0.1611    0.1324   0.01779   0.01571  0.004699
    36/511       20G   0.02278    0.0263  0.007329    0.0564       155      1024    0.1557    0.8143    0.1619    0.1333   0.01776   0.01586  0.004489
    37/511       20G   0.02186   0.02608  0.006713   0.05465       143      1024    0.1566    0.8404    0.1655    0.1365   0.01758   0.01587  0.004036
    38/511       20G   0.02187   0.02583  0.006864   0.05457        74      1024     0.157    0.8271    0.1632    0.1347   0.01808   0.01624  0.004397
    39/511       20G   0.02169   0.02561  0.006474   0.05378        80      1024    0.1576     0.858    0.1659     0.137   0.01797   0.01608  0.003774
    40/511       20G   0.02097   0.02571  0.005914    0.0526        78      1024    0.1569    0.7853    0.1654     0.137   0.01825   0.01613  0.003725
    41/511       20G   0.02132   0.02608  0.006052   0.05345        88      1024    0.1562    0.8549     0.165    0.1365   0.01792   0.01628  0.003349
    42/511       20G   0.02139   0.02554  0.005801   0.05274        95      1024    0.1549    0.8873     0.166    0.1376   0.01754   0.01655  0.003305
    43/511       20G   0.02182   0.02579  0.005678   0.05329       126      1024    0.1569    0.8591     0.164     0.136   0.01741   0.01633  0.003221
    44/511       20G   0.02085   0.02535  0.005278   0.05147        71      1024    0.1553     0.884     0.163    0.1349   0.01742   0.01609  0.003189
    45/511       20G   0.02688   0.02828    0.0132   0.06836       110      1024   0.02986    0.5273   0.04137   0.03201   0.04181   0.01437   0.04176
    46/511       20G   0.03557   0.03204   0.02291   0.09052       104      1024   0.03286    0.5299   0.03612   0.02744   0.04002   0.01401    0.0365
    47/511       20G   0.02904   0.02998   0.01608   0.07511       196      1024    0.1289    0.5511   0.07299   0.05674   0.03172    0.0144   0.02967
    48/511       20G   0.02548   0.02867   0.01241   0.06657        60      1024    0.1676    0.5377    0.1093   0.08717   0.02802   0.01713   0.02037
    49/511       20G   0.02457   0.02805   0.01097   0.06359       158      1024    0.2105    0.6225    0.1404    0.1135   0.02551   0.01685   0.01376
    50/511       20G   0.02425   0.02733   0.01038   0.06197       189      1024     0.134     0.767    0.1554     0.127   0.02273   0.01584   0.01046
    51/511       20G    0.0282   0.02906   0.01485   0.07212       140      1024    0.1947    0.4905    0.1326    0.1068   0.02632     0.015   0.02037
    52/511       20G   0.02462   0.02772   0.01092   0.06327        76      1024    0.2002     0.533    0.1402    0.1135    0.0249   0.01543    0.0173
    53/511       20G   0.02372   0.02722  0.009508   0.06045       149      1024    0.2087    0.5765    0.1438    0.1166   0.02311   0.01587     0.015
    54/511       20G   0.02321   0.02685   0.00873   0.05879        82      1024    0.2172    0.5802    0.1485     0.121   0.02187   0.01601   0.01331
    55/511       20G   0.02219   0.02661  0.007927   0.05673        95      1024    0.2148    0.6919    0.1505    0.1234   0.02072    0.0161   0.01205
    56/511       20G   0.02226   0.02617  0.007696   0.05612        76      1024    0.2233    0.6684    0.1538    0.1265   0.01964   0.01626   0.01059
    57/511       20G   0.02203    0.0261  0.007399   0.05553        82      1024    0.2252    0.6852    0.1566    0.1291   0.01908    0.0163  0.009683
    58/511       20G   0.02237   0.02638  0.007345   0.05609       173      1024    0.2271    0.6834    0.1595    0.1318   0.01874   0.01632  0.008755
    59/511       20G   0.02237   0.02616  0.006978   0.05551       114      1024    0.1634    0.7445    0.1622    0.1341   0.01848   0.01632  0.008023
    60/511       20G   0.02257   0.02628  0.007594   0.05645       208      1024    0.2209    0.7477    0.1544    0.1274   0.01862   0.01626   0.01061
    61/511       20G   0.02296   0.02703  0.008929   0.05892        69      1024     0.215    0.7152    0.1369     0.112    0.0197   0.01577   0.01422
    62/511       20G   0.02214   0.02645  0.007679   0.05627        98      1024    0.2186    0.6695    0.1427    0.1171   0.01975   0.01564   0.01373
    63/511       20G   0.02183   0.02591  0.006835   0.05458       152      1024    0.2204    0.6842    0.1484     0.122   0.01937   0.01574    0.0126
    64/511       20G   0.02157   0.02614  0.006322   0.05403        96      1024    0.2215    0.7036    0.1526    0.1257   0.01916   0.01583   0.01175
    65/511       20G   0.02144   0.02612  0.006042   0.05361       118      1024    0.2223     0.711    0.1527    0.1261   0.01901   0.01587    0.0112
    66/511       20G   0.02125   0.02602  0.006546   0.05381       103      1024    0.2231    0.6989     0.154    0.1272   0.01906   0.01584   0.01101
    67/511       20G   0.02276   0.02691  0.008504   0.05818       144      1024    0.2231    0.6984    0.1507     0.124   0.02129    0.0157   0.01199
    68/511       20G   0.02223   0.02629  0.006979    0.0555        91      1024    0.2224    0.7097    0.1526    0.1256   0.02173   0.01572   0.01228
    69/511       20G   0.02245   0.02686  0.007941   0.05725       114      1024    0.2186    0.7284    0.1512    0.1247   0.02185   0.01579    0.0128
    70/511       20G   0.02173   0.02627   0.00717   0.05517       153      1024    0.2197     0.683    0.1514    0.1249   0.02184    0.0159     0.013
    71/511       20G   0.02225   0.02643  0.006982   0.05566       157      1024     0.219    0.6962    0.1514    0.1249   0.02204   0.01597   0.01288
    72/511       20G   0.02119   0.02571  0.006185   0.05309        66      1024    0.2197    0.7088    0.1519    0.1255   0.02185   0.01602   0.01258
    73/511       20G   0.02181   0.02561  0.006063   0.05348       129      1024    0.2203      0.71     0.153    0.1265   0.02161   0.01605   0.01228
    74/511       20G   0.02017   0.02555  0.005518   0.05124        95      1024     0.221    0.7067    0.1543    0.1276   0.02138   0.01609   0.01202
    75/511       20G   0.02048   0.02534  0.005309   0.05113       171      1024    0.2216    0.7007    0.1558     0.129   0.02116   0.01613   0.01176
    76/511       20G   0.01963   0.02517   0.00511   0.04992        64      1024    0.2225    0.6943    0.1567    0.1298     0.021   0.01615   0.01151
    77/511       20G   0.02058   0.02539  0.005207   0.05118       104      1024    0.2227    0.6957    0.1573    0.1305   0.02088   0.01616   0.01136
    78/511       20G   0.02012   0.02556  0.005233   0.05092       150      1024    0.2227    0.6947    0.1577    0.1308   0.02083   0.01616   0.01124
    79/511       20G   0.02096   0.02567  0.005149   0.05177       148      1024    0.2231    0.6966    0.1583    0.1314   0.02075   0.01615   0.01109
    80/511       20G   0.02013   0.02502  0.004934   0.05008       115      1024    0.2221    0.7212    0.1592    0.1322   0.02067   0.01615   0.01093
    81/511       20G    0.0202   0.02518  0.004896   0.05027       132      1024    0.2234     0.699    0.1593    0.1323   0.02059   0.01613   0.01079
    82/511       20G   0.01977   0.02519  0.004644   0.04961       128      1024    0.2238    0.6957    0.1602    0.1332    0.0205   0.01611   0.01064
    83/511       20G   0.02014   0.02539  0.004895   0.05042        66      1024    0.2246    0.6758    0.1602    0.1334   0.02043    0.0161    0.0106
    84/511       20G    0.0202   0.02547  0.004844   0.05052       101      1024    0.2219    0.6827    0.1574    0.1308   0.02039   0.01607   0.01134
    85/511       20G    0.0199   0.02515  0.004744    0.0498       129      1024    0.2203    0.6814    0.1564    0.1299   0.02035   0.01603   0.01156
    86/511       20G   0.02023   0.02515  0.004571   0.04995        83      1024    0.2194    0.6871    0.1559    0.1295   0.02031   0.01602   0.01162
    87/511       20G   0.02022   0.02531  0.004574   0.05011       127      1024    0.2196    0.6623    0.1559    0.1296   0.02027   0.01598   0.01167
    88/511       20G   0.01945   0.02468  0.004191   0.04832       108      1024    0.2228    0.6174    0.1545    0.1282   0.02024   0.01595   0.01166
    89/511       20G   0.02002   0.02476  0.004358   0.04913       108      1024    0.2199     0.663    0.1545    0.1282   0.02021   0.01591   0.01163
    90/511       20G   0.01974    0.0249  0.004224   0.04887        86      1024    0.2228    0.6271     0.154    0.1277   0.02018   0.01589   0.01158
    91/511       20G   0.01946    0.0249  0.004216   0.04857        86      1024    0.2235     0.624    0.1539    0.1278   0.02016   0.01585   0.01151
    92/511       20G     0.021   0.02496   0.00505   0.05101       130      1024    0.2238    0.6237    0.1544    0.1282   0.02016   0.01585   0.01143
    93/511       20G   0.02029   0.02511  0.004648   0.05005       108      1024    0.2243    0.6177    0.1546    0.1285   0.02014   0.01584   0.01136
    94/511       20G   0.02006   0.02519  0.004306   0.04955       149      1024     0.221    0.6696    0.1555    0.1292   0.02011   0.01583   0.01128
    95/511       20G   0.01974   0.02521  0.004477   0.04943       147      1024    0.2208    0.6733    0.1557    0.1294   0.02008   0.01582    0.0112
    96/511       20G   0.02125   0.02583  0.006728   0.05381       111      1024    0.2213     0.648    0.1554     0.129   0.02018   0.01581   0.01133
    97/511       20G   0.01996   0.02547   0.00483   0.05026       113      1024    0.2209    0.6506     0.155    0.1286    0.0202   0.01578   0.01138
    98/511       20G   0.02018   0.02534  0.005352   0.05087       149      1024    0.2195    0.6683    0.1552    0.1289   0.02023   0.01575   0.01137
    99/511       20G   0.01987   0.02499  0.004691   0.04955       101      1024     0.221    0.6468     0.155    0.1287   0.02026   0.01571   0.01135
   100/511       20G   0.01971   0.02522  0.004321   0.04925       121      1024    0.2205    0.6563    0.1547    0.1286   0.02026    0.0157   0.01131
   101/511       20G   0.02003   0.02487  0.004287    0.0492       141      1024    0.2212    0.6403    0.1549    0.1285   0.02024   0.01568   0.01127
   102/511       20G   0.01882   0.02512  0.003843   0.04778        94      1024    0.2205    0.6534    0.1552    0.1286   0.02023   0.01566   0.01122
   103/511       20G   0.01839   0.02488  0.003694   0.04696       134      1024    0.2179    0.7303    0.1553    0.1287   0.02021   0.01564   0.01117
   104/511       20G   0.01959   0.02492  0.003818   0.04832       124      1024    0.2175     0.736    0.1555    0.1287    0.0202   0.01561   0.01115
   105/511       20G   0.01931   0.02472  0.003768    0.0478       118      1024    0.2177    0.7365    0.1554    0.1287   0.02019   0.01559   0.01112
   106/511       20G   0.01953   0.02444  0.003946   0.04792        87      1024    0.2208    0.6648    0.1555    0.1287   0.02017   0.01556    0.0111
   107/511       20G   0.01861   0.02469  0.003565   0.04687       106      1024    0.2181    0.7376    0.1556    0.1289   0.02015   0.01554   0.01106
   108/511       20G   0.01906   0.02472  0.003581   0.04736        92      1024    0.2205    0.6763    0.1557     0.129   0.02014   0.01552   0.01104
   109/511       20G   0.01965   0.02449  0.003659    0.0478       198      1024    0.2183    0.7442    0.1556     0.129   0.02013    0.0155   0.01102
   110/511       20G   0.01906   0.02468  0.003517   0.04725       156      1024    0.2184    0.7447    0.1559    0.1291   0.02012   0.01547   0.01101
   111/511       20G   0.01832   0.02473  0.003269   0.04632       121      1024    0.2185    0.7442    0.1557     0.129   0.02011   0.01543   0.01099
   112/511       20G   0.01938   0.02462   0.00356   0.04756        72      1024    0.2188    0.7352    0.1559    0.1291   0.02011   0.01541   0.01098
   113/511       20G    0.0189   0.02456   0.00332   0.04678       145      1024    0.2184    0.7566    0.1557     0.129   0.02011   0.01539   0.01096
   114/511       20G    0.0187   0.02438  0.003105   0.04619       130      1024    0.2188    0.7402     0.156    0.1293   0.02011   0.01536   0.01096
   115/511       20G   0.01906   0.02446  0.003373   0.04689       110      1024    0.2183    0.7515    0.1559    0.1292   0.02011   0.01532   0.01098
   116/511       20G   0.01855   0.02443  0.003138   0.04611       177      1024    0.2179    0.7651     0.156    0.1292   0.02011   0.01528   0.01098
   117/511       20G   0.01907   0.02453  0.003262   0.04685       103      1024    0.2183    0.7489     0.156    0.1292   0.02011   0.01523   0.01098
   118/511       20G   0.01888    0.0243  0.003223   0.04641        96      1024    0.2189    0.7331     0.156    0.1291   0.02011    0.0152   0.01098
   119/511       20G   0.01891   0.02425  0.003184   0.04634        94      1024    0.2189    0.7375    0.1557    0.1289   0.02011   0.01517   0.01098
   120/511       20G   0.01806    0.0243  0.002891   0.04525       105      1024    0.2191    0.7374    0.1562    0.1293   0.02012   0.01514   0.01099
   121/511       20G   0.01864    0.0242  0.003214   0.04605       105      1024    0.2191    0.7318     0.156    0.1291   0.02013   0.01508     0.011
   122/511       20G   0.01886   0.02431  0.003065   0.04623       146      1024    0.2194    0.7303     0.156     0.129   0.02014   0.01505     0.011
   123/511       20G   0.01884   0.02445  0.003138   0.04643        75      1024    0.2193    0.7334     0.156     0.129   0.02015   0.01502     0.011
   124/511       20G   0.02004   0.02481    0.0041   0.04895       155      1024    0.2195    0.7218    0.1559    0.1291   0.02018   0.01495   0.01103
   125/511       20G   0.01926   0.02411  0.003496   0.04687       156      1024    0.2195    0.7254    0.1561    0.1292    0.0202    0.0149   0.01105
   126/511       20G   0.01918   0.02452   0.00321   0.04691        83      1024    0.2194    0.7292    0.1561    0.1291   0.02023   0.01485   0.01108
   127/511       20G   0.01847    0.0243  0.002933    0.0457        96      1024    0.2188    0.7441    0.1563    0.1292   0.02026    0.0148   0.01111
   128/511       20G   0.01858   0.02431  0.003045   0.04594       178      1024     0.219    0.7428    0.1567    0.1293   0.02029   0.01476   0.01113
   129/511       20G   0.01953   0.02427  0.003502    0.0473       123      1024    0.2191     0.738    0.1567    0.1293   0.02032   0.01472   0.01117
   130/511       20G   0.01986   0.02442  0.003296   0.04757       152      1024     0.219    0.7394    0.1569    0.1295   0.02033   0.01466   0.01121
   131/511       20G   0.01864   0.02421  0.002963   0.04581       179      1024    0.2187    0.7405    0.1565     0.129   0.02035   0.01462   0.01125
   132/511       20G   0.01834   0.02431  0.002796   0.04544        96      1024    0.2187    0.7278    0.1572    0.1296   0.02037   0.01456   0.01129
   133/511       20G   0.01886   0.02411  0.002858   0.04583        98      1024    0.2177    0.7491    0.1565    0.1288   0.02039    0.0145   0.01134
   134/511       20G   0.01825   0.02419  0.002667    0.0451       120      1024    0.2193    0.7091    0.1566    0.1288   0.02042   0.01445   0.01138
   135/511       20G   0.01829   0.02398  0.002765   0.04504       131      1024    0.2192    0.7111     0.156    0.1282   0.02044   0.01441   0.01142
   136/511       20G   0.01838   0.02449  0.002853   0.04572       197      1024    0.2195     0.702    0.1561    0.1283   0.02047   0.01437   0.01146
   137/511       20G    0.0184   0.02416  0.002755   0.04531       121      1024    0.2201    0.6937    0.1559    0.1281    0.0205   0.01433   0.01151
   138/511       20G   0.01898   0.02391  0.002846   0.04573       105      1024    0.2197    0.7032    0.1556    0.1278   0.02053   0.01428   0.01155
   139/511       20G   0.01816   0.02409  0.002655    0.0449       111      1024    0.2192    0.7074    0.1553    0.1275   0.02057   0.01424   0.01161
   140/511       20G   0.01841   0.02397  0.002578   0.04497        62      1024    0.2195    0.7071    0.1552    0.1274   0.02061   0.01419   0.01166
   141/511       20G   0.01938   0.02429  0.002874   0.04654        96      1024     0.219    0.7093    0.1545    0.1269   0.02064   0.01414   0.01172
   142/511       20G   0.01776   0.02399  0.002511   0.04426       116      1024    0.2228    0.6526    0.1546    0.1268   0.02068   0.01408   0.01179
   143/511       20G   0.01809    0.0239  0.002578   0.04456       106      1024    0.2224     0.651    0.1542    0.1264   0.02071   0.01402   0.01185
   144/511       20G   0.01842   0.02384  0.002498   0.04476        78      1024    0.2227    0.6424    0.1539     0.126   0.02074   0.01398   0.01191
   145/511       20G   0.01859   0.02401  0.002581   0.04518        78      1024    0.2228    0.6407    0.1532    0.1254   0.02078   0.01394   0.01197
   146/511       20G    0.0183   0.02417  0.002568   0.04504        99      1024    0.2227      0.64    0.1527    0.1249   0.02082   0.01389   0.01204
   147/511       20G   0.01866   0.02388  0.002566   0.04511       124      1024    0.2222    0.6411    0.1527    0.1249   0.02086   0.01384    0.0121
   148/511       20G   0.01783   0.02406  0.002512    0.0444       117      1024    0.2207    0.6538    0.1521    0.1243   0.02089   0.01379   0.01217
   149/511       20G   0.01827   0.02384  0.002564   0.04468       140      1024    0.2206     0.654    0.1507     0.123   0.02093   0.01375   0.01223
   150/511       20G   0.01832   0.02409   0.00259     0.045       121      1024    0.2197    0.6592    0.1505    0.1229   0.02096   0.01372    0.0123
   151/511       20G   0.01816   0.02397  0.002327   0.04446       111      1024     0.218    0.6825      0.15    0.1224     0.021   0.01368   0.01238
   152/511       20G   0.01805   0.02363  0.002425    0.0441        41      1024    0.2177    0.6784    0.1495    0.1219   0.02104   0.01364   0.01246
   153/511       20G   0.01839   0.02372  0.002485    0.0446       117      1024    0.2231    0.6162    0.1494    0.1218   0.02108    0.0136   0.01253
   154/511       20G   0.01793   0.02383  0.002344   0.04411       126      1024    0.2227    0.6206    0.1492    0.1217   0.02111   0.01355    0.0126
   155/511       20G   0.01795   0.02382  0.002393   0.04416        79      1024    0.2229    0.6184    0.1488    0.1214   0.02114    0.0135   0.01269
   156/511       20G   0.01788     0.024  0.002346   0.04423       109      1024    0.2218    0.6232    0.1482    0.1209   0.02118   0.01346   0.01276
   157/511       20G    0.0187   0.02385  0.002555   0.04511       155      1024    0.2209    0.6267    0.1478    0.1205   0.02121   0.01341   0.01286
   158/511       20G   0.01767   0.02425  0.002293   0.04422       100      1024      0.22    0.6285    0.1476    0.1204   0.02125   0.01337   0.01295
   159/511       20G   0.01772   0.02386  0.002282   0.04386        81      1024    0.2189    0.6304    0.1471    0.1201   0.02129   0.01332   0.01305
   160/511       20G   0.01739   0.02388  0.002186   0.04345        56      1024    0.2172    0.6376    0.1466    0.1197   0.02133   0.01328   0.01314
   161/511       20G   0.01852   0.02386  0.002403   0.04479       111      1024    0.2165    0.6428    0.1465    0.1196   0.02137   0.01323   0.01324
   162/511       20G    0.0179    0.0238  0.002359   0.04406        87      1024    0.2162    0.6402    0.1461    0.1194   0.02141   0.01318   0.01334
   163/511       20G   0.01787   0.02379  0.002283   0.04394        97      1024    0.2179    0.6261    0.1451    0.1186   0.02145   0.01315   0.01344
   164/511       20G   0.01761   0.02384  0.002169   0.04361       111      1024    0.2151    0.6437    0.1446    0.1182   0.02149   0.01311   0.01354
   165/511       20G   0.01776   0.02361  0.002341   0.04371       214      1024    0.2171    0.6216     0.144    0.1177   0.02152   0.01308   0.01363
   166/511       20G   0.01836   0.02402   0.00257   0.04496       114      1024    0.2166    0.6231    0.1438    0.1176   0.02155   0.01304   0.01372
   167/511       20G   0.01799   0.02412  0.002666   0.04477        71      1024    0.2139    0.6308    0.1432    0.1171   0.02158     0.013   0.01387
   168/511       20G   0.01771   0.02402  0.002364    0.0441        70      1024    0.2146    0.6263    0.1425    0.1165   0.02161   0.01297   0.01402
   169/511       20G   0.01821    0.0236  0.002413   0.04421       160      1024    0.2144    0.6259    0.1422    0.1163   0.02164   0.01293   0.01414
   170/511       20G   0.01794   0.02398  0.002243   0.04417       142      1024    0.2125    0.6366    0.1423    0.1165   0.02167   0.01289   0.01427
   171/511       20G   0.01756   0.02392  0.002161   0.04364       216      1024    0.2125    0.6362    0.1416    0.1159   0.02171   0.01285   0.01438
   172/511       20G   0.01818   0.02385  0.002327   0.04435       143      1024     0.212    0.6382    0.1413    0.1155   0.02174   0.01282    0.0145
   173/511       20G   0.01746   0.02371   0.00207   0.04325       182      1024    0.2107    0.6438    0.1405     0.115   0.02178   0.01279    0.0146
   174/511       20G   0.01832   0.02374  0.002468   0.04453        97      1024    0.2095    0.6454      0.14    0.1145   0.02182   0.01277   0.01471
   175/511       20G   0.01815   0.02374  0.002396   0.04429       129      1024    0.2109    0.6207    0.1397    0.1143   0.02183   0.01274   0.01481
   176/511       20G   0.01783   0.02385  0.002353   0.04403       148      1024    0.2104    0.6235    0.1394    0.1141   0.02186   0.01272    0.0149
   177/511       20G   0.01746   0.02385  0.002063   0.04337       105      1024    0.2222    0.5358    0.1388    0.1135   0.02189   0.01269   0.01501
   178/511       20G   0.01769   0.02393  0.002101   0.04371       113      1024     0.234    0.5077     0.138    0.1128   0.02192   0.01267   0.01509
   179/511       20G   0.01723   0.02349  0.001935   0.04266        79      1024    0.2323    0.5139    0.1378    0.1126   0.02195   0.01265   0.01518
   180/511       20G   0.01736   0.02373  0.002133   0.04322        23      1024    0.2256    0.5161    0.1369     0.112   0.02196   0.01263   0.01528
   181/511       20G   0.01767   0.02382  0.002016   0.04351        59      1024    0.2243    0.5091    0.1363    0.1115   0.02199   0.01261   0.01537
   182/511       20G   0.01704   0.02383  0.002011   0.04288        50      1024    0.2229    0.5268    0.1359     0.111   0.02203   0.01259   0.01544
   183/511       20G   0.01732   0.02371  0.002131   0.04315       128      1024    0.2217    0.5313    0.1352    0.1105   0.02205   0.01258   0.01553
   184/511       20G   0.01803   0.02394  0.002259   0.04423       103      1024    0.2225    0.5305    0.1347    0.1101   0.02208   0.01256   0.01561
   185/511       20G   0.01767   0.02385  0.002079   0.04359        63      1024    0.2212    0.5324    0.1345      0.11    0.0221   0.01255   0.01569
   186/511       20G   0.01844   0.02387  0.002269   0.04457        85      1024    0.2073     0.606    0.1341    0.1097   0.02212   0.01254   0.01579
   187/511       20G   0.01738    0.0238  0.002109   0.04329       175      1024    0.2068    0.6063    0.1336    0.1092   0.02214   0.01253   0.01587
   188/511       20G   0.01708   0.02339   0.00195   0.04242        47      1024    0.2061    0.6089    0.1332    0.1089   0.02216   0.01252   0.01596
   189/511       20G   0.01738   0.02396  0.001991   0.04333       119      1024    0.2062    0.6089     0.133    0.1089   0.02217   0.01251   0.01603
   190/511       20G   0.01672   0.02362  0.001845   0.04218       148      1024    0.2118      0.53    0.1325    0.1085   0.02218    0.0125   0.01611
   191/511       20G   0.01727   0.02373   0.00202   0.04301        71      1024    0.2058    0.6123     0.132    0.1081    0.0222   0.01248   0.01621
   192/511       20G   0.01746   0.02374  0.001961   0.04316       117      1024    0.2107    0.5327    0.1311    0.1073   0.02222   0.01246   0.01632
   193/511       20G    0.0176   0.02357  0.001992   0.04316       106      1024    0.2059    0.6152    0.1312    0.1075   0.02221   0.01246    0.0164
   194/511       20G   0.01753   0.02394  0.002025   0.04349       185      1024    0.2057    0.6178     0.131    0.1073   0.02221   0.01246   0.01649
   195/511       20G   0.01752   0.02394  0.001964   0.04343        97      1024    0.2035    0.6192    0.1307     0.107   0.02221   0.01245   0.01658
   196/511       20G   0.01706   0.02366  0.002033   0.04275       136      1024    0.2057    0.6184    0.1302    0.1067    0.0222   0.01245   0.01665
   197/511       20G   0.01738   0.02351  0.002054   0.04295       120      1024    0.2048    0.6211      0.13    0.1066    0.0222   0.01244   0.01673
   198/511       20G    0.0173   0.02345  0.002056   0.04281       131      1024    0.2062    0.6159    0.1297    0.1063   0.02219   0.01243   0.01679
   199/511       20G   0.01676   0.02364   0.00189   0.04228       109      1024     0.204    0.6262    0.1296    0.1063   0.02217   0.01243   0.01684
   200/511       20G   0.01755   0.02374  0.002031   0.04331       109      1024     0.197     0.486    0.1294    0.1062   0.02217   0.01243   0.01689
   201/511       20G   0.01696    0.0235  0.001894   0.04235       163      1024    0.2056      0.62    0.1294    0.1062   0.02215   0.01243   0.01693
   202/511       20G   0.01678   0.02382  0.001831   0.04243        70      1024    0.2042    0.6241    0.1295    0.1063   0.02214   0.01242     0.017
   203/511       20G   0.01724    0.0237  0.001889   0.04283        59      1024    0.1964    0.4797    0.1298    0.1065   0.02213   0.01243   0.01707
   204/511       20G   0.01666   0.02346  0.001678    0.0418        91      1024    0.1968     0.475    0.1296    0.1064   0.02212   0.01242    0.0171
   205/511       20G    0.0179   0.02358  0.001991   0.04346       121      1024    0.2919    0.4343    0.1297    0.1065   0.02211   0.01241   0.01716
   206/511       20G   0.01654   0.02353  0.001668   0.04174       102      1024    0.1964    0.4747    0.1295    0.1063    0.0221   0.01241   0.01718
   207/511       20G   0.01791   0.02392  0.002064   0.04389        88      1024    0.1967    0.4716    0.1293    0.1062   0.02208   0.01241   0.01724
   208/511       20G   0.01713   0.02376   0.00188   0.04277        94      1024     0.289    0.4542    0.1293    0.1062   0.02207    0.0124   0.01731
   209/511       20G   0.01696   0.02366  0.001941   0.04256       115      1024    0.2888    0.4544    0.1293    0.1063   0.02205    0.0124   0.01735
   210/511       20G   0.01774   0.02328  0.001996   0.04302       163      1024    0.2889    0.4536    0.1294    0.1064   0.02203   0.01239    0.0174
   211/511       20G   0.01761   0.02348  0.001948   0.04304        65      1024    0.2886    0.4582    0.1294    0.1064   0.02202   0.01239   0.01741
   212/511       20G   0.01641   0.02348  0.001725   0.04162       157      1024    0.1968    0.4687    0.1295    0.1066   0.02199    0.0124   0.01741
   213/511       20G   0.01766   0.02372  0.001998   0.04338       161      1024    0.1967      0.47    0.1295    0.1065   0.02197    0.0124   0.01744
   214/511       20G   0.01702   0.02364  0.001802   0.04246        73      1024    0.1932    0.5374    0.1298    0.1068   0.02194    0.0124   0.01746
   215/511       20G   0.01716   0.02347   0.00179   0.04242       108      1024    0.1939    0.5268      0.13     0.107   0.02191   0.01239   0.01747
   216/511       20G   0.01725    0.0231  0.002074   0.04242        99      1024     0.194    0.5232    0.1299     0.107   0.02188    0.0124   0.01749
   217/511       20G   0.01674   0.02354   0.00185   0.04214       109      1024    0.1939    0.5321    0.1304    0.1075   0.02185    0.0124   0.01751
   218/511       20G   0.01727   0.02351  0.001898   0.04268       113      1024    0.1116    0.7161    0.1305    0.1076   0.02181   0.01239    0.0175
   219/511       20G   0.01674   0.02367  0.001714   0.04213        69      1024    0.1176    0.7081    0.1308    0.1079   0.02178   0.01239   0.01748
   220/511       20G   0.01626   0.02371  0.001717   0.04169       113      1024    0.1237    0.7003    0.1318    0.1088   0.02174   0.01239   0.01743
   221/511       20G   0.01656   0.02347  0.001661   0.04168       153      1024    0.1262    0.6955    0.1317    0.1088    0.0217   0.01239    0.0174
   222/511       20G    0.0173    0.0232  0.001881   0.04238       134      1024    0.1266    0.6929     0.132    0.1091   0.02166   0.01239   0.01737
   223/511       20G   0.01687   0.02327  0.001712   0.04184        74      1024    0.1247    0.6961    0.1322    0.1093   0.02163   0.01239   0.01739
   224/511       20G   0.01672   0.02349  0.001733   0.04195       149      1024    0.1274     0.699    0.1327    0.1096   0.02159   0.01239   0.01735
   225/511       20G    0.0174   0.02313  0.001813   0.04234        69      1024    0.1257    0.6953    0.1329    0.1099   0.02155   0.01239   0.01733
   226/511       20G   0.01644   0.02319  0.001664    0.0413       108      1024     0.126    0.6976    0.1331      0.11    0.0215   0.01239    0.0173
   227/511       20G   0.01657   0.02351  0.001784   0.04186        58      1024    0.1266    0.6902    0.1333    0.1103   0.02146   0.01239   0.01725
   228/511       20G   0.01667   0.02333  0.001673   0.04167       157      1024    0.1278    0.6974    0.1338    0.1108   0.02141    0.0124   0.01717
   229/511       20G   0.01732   0.02388  0.001685   0.04288        89      1024    0.1237    0.7115     0.134    0.1109   0.02136   0.01241   0.01713
   230/511       20G   0.01698   0.02346  0.001738   0.04218       116      1024    0.1264    0.7024    0.1341    0.1111   0.02132   0.01241   0.01707
   231/511       20G   0.01678    0.0236  0.001743   0.04213        88      1024    0.1249     0.713    0.1344    0.1113   0.02127   0.01242   0.01697
   232/511       20G   0.01672   0.02345  0.001614   0.04179       106      1024    0.1268    0.7099    0.1352     0.112   0.02122   0.01243   0.01687
   233/511       20G   0.01726   0.02355  0.001765   0.04258       184      1024    0.1297    0.6939    0.1357    0.1123   0.02118   0.01243   0.01673
   234/511       20G   0.01693   0.02355  0.001734   0.04221       160      1024    0.1274    0.7156    0.1363    0.1128   0.02112   0.01244   0.01661
   235/511       20G    0.0165   0.02343  0.001552   0.04149        84      1024    0.1297    0.7139    0.1368    0.1132   0.02106   0.01245   0.01649
   236/511       20G   0.01586   0.02339  0.001445    0.0407        83      1024    0.1298    0.7145    0.1371    0.1134     0.021   0.01244    0.0164
   237/511       20G   0.01719    0.0231  0.001807   0.04209        94      1024    0.1289    0.7111    0.1375    0.1137   0.02095   0.01246   0.01632
   238/511       20G    0.0163   0.02341  0.001712   0.04142       130      1024    0.1313     0.714    0.1379     0.114   0.02089   0.01247   0.01621
   239/511       20G   0.01693   0.02342   0.00161   0.04196        91      1024    0.1357    0.6934    0.1381    0.1142   0.02083   0.01248   0.01607
   240/511       20G    0.0169   0.02336  0.001699   0.04196        76      1024    0.1369    0.6915    0.1387    0.1147   0.02077   0.01249   0.01595
   241/511       20G   0.01622   0.02341  0.001544   0.04117       106      1024    0.1366    0.6967    0.1392    0.1151   0.02071   0.01251   0.01581
   242/511       20G   0.01678   0.02364  0.001714   0.04214       172      1024    0.1371    0.6951    0.1399    0.1158   0.02065   0.01253   0.01567
   243/511       20G   0.01671   0.02335  0.001847   0.04191       145      1024     0.137    0.7067      0.14    0.1159   0.02059   0.01254    0.0155
   244/511       20G   0.01676   0.02341  0.001726   0.04189        68      1024    0.1388    0.6936    0.1405    0.1165   0.02053   0.01256   0.01541
   245/511       20G   0.01624   0.02353  0.001656   0.04143       104      1024    0.1363    0.7133     0.141     0.117   0.02048   0.01257   0.01527
   246/511       20G   0.01667   0.02349  0.001636    0.0418       212      1024    0.1375     0.711    0.1413    0.1173   0.02043   0.01258   0.01511
   247/511       20G   0.01694   0.02349   0.00172   0.04215       147      1024    0.1382    0.7114    0.1422     0.118   0.02038    0.0126   0.01491
   248/511       20G   0.01631   0.02341  0.001553   0.04127       222      1024    0.1405    0.7096    0.1427    0.1186   0.02032   0.01262   0.01474
   249/511       20G     0.016    0.0234  0.001496   0.04089       103      1024    0.1411    0.7079     0.143    0.1189   0.02027   0.01263   0.01458
   250/511       20G   0.01632   0.02307  0.001522   0.04091        79      1024    0.1384    0.7311    0.1435    0.1193   0.02022   0.01265   0.01444
   251/511       20G   0.01658   0.02336  0.001613   0.04155       110      1024    0.1388    0.7301    0.1439    0.1196   0.02017   0.01266   0.01431
   252/511       20G   0.01655   0.02327  0.001631   0.04145       134      1024    0.1437    0.6978    0.1441    0.1198   0.02012   0.01268   0.01418
   253/511       20G   0.01633   0.02345  0.001588   0.04137        52      1024    0.1396      0.73    0.1446    0.1202   0.02007    0.0127   0.01404
   254/511       20G   0.01694   0.02353    0.0016   0.04207        73      1024    0.1395    0.7346    0.1454    0.1209   0.02002   0.01272   0.01392
   255/511       20G   0.01638   0.02329  0.001576   0.04124       196      1024    0.1399    0.7356    0.1458    0.1212   0.01996   0.01275   0.01372
   256/511       20G   0.01657   0.02341  0.001597   0.04158        88      1024    0.1392    0.7541    0.1466    0.1218    0.0199   0.01278   0.01353
   257/511       20G   0.01639   0.02339  0.001583   0.04136       155      1024    0.1402     0.754    0.1472    0.1223   0.01985   0.01281   0.01335
   258/511       20G   0.01617   0.02318  0.001499   0.04085       139      1024    0.1414     0.752    0.1479    0.1229   0.01979   0.01284   0.01314
   259/511       20G   0.01683   0.02354  0.001678   0.04204       133      1024    0.1421    0.7522    0.1484    0.1233   0.01973   0.01287   0.01298
   260/511       20G   0.01545   0.02322  0.001417   0.04008        67      1024    0.1432    0.7504    0.1489    0.1239   0.01968   0.01291   0.01279
   261/511       20G    0.0162   0.02331  0.001529   0.04104       129      1024    0.1444    0.7492    0.1496    0.1244   0.01962   0.01294   0.01258
   262/511       20G   0.01691   0.02307  0.001721   0.04171       116      1024     0.145    0.7475    0.1504    0.1252   0.01957   0.01297   0.01237
   263/511       20G   0.01593   0.02342  0.001404   0.04076        84      1024    0.1455    0.7464    0.1512    0.1259   0.01952     0.013   0.01215
   264/511       20G   0.01572   0.02307  0.001456   0.04025        85      1024    0.1456     0.748    0.1519    0.1265   0.01946   0.01305   0.01196
   265/511       20G   0.01682    0.0235  0.001614   0.04194        83      1024    0.1457     0.746     0.152    0.1266    0.0194   0.01309   0.01178
   266/511       20G   0.01584   0.02337  0.001434   0.04064        87      1024    0.1468    0.7399    0.1526    0.1271   0.01935   0.01312   0.01155
   267/511       20G   0.01604   0.02356  0.001487    0.0411       115      1024    0.1468    0.7416    0.1532    0.1276   0.01929   0.01316   0.01136
   268/511       20G   0.01609   0.02314  0.001518   0.04074       106      1024    0.1475    0.7404    0.1536    0.1279   0.01924    0.0132   0.01118
   269/511       20G   0.01636   0.02337  0.001572   0.04131       113      1024    0.1479    0.7381    0.1538    0.1281   0.01918   0.01325   0.01095
   270/511       20G   0.01615     0.023   0.00156   0.04071       135      1024    0.1486    0.7362    0.1548    0.1289   0.01913   0.01329   0.01073
   271/511       20G   0.01614   0.02351  0.001457   0.04111       154      1024    0.1489    0.7369    0.1556    0.1296   0.01908   0.01333    0.0105
   272/511       20G   0.01619   0.02341  0.001589   0.04119        86      1024    0.1496    0.7317    0.1561    0.1299   0.01903   0.01338   0.01031
   273/511       20G   0.01653   0.02353  0.001519   0.04158        77      1024    0.1492     0.735    0.1564    0.1303   0.01897   0.01342    0.0101
   274/511       20G   0.01626    0.0233  0.001466   0.04103        68      1024    0.1494     0.734    0.1571    0.1309   0.01892   0.01347  0.009912
   275/511       20G   0.01585   0.02326  0.001311   0.04043       108      1024    0.1495    0.7348    0.1574    0.1312   0.01887   0.01351  0.009714
   276/511       20G   0.01674   0.02315   0.00154   0.04143       104      1024    0.1518    0.7182    0.1578    0.1316   0.01881   0.01357  0.009491
   277/511       20G   0.01596   0.02338  0.001585   0.04093       107      1024    0.1515    0.7199    0.1583     0.132   0.01876   0.01362  0.009293
   278/511       20G   0.01582   0.02312  0.001359   0.04029       197      1024    0.1456    0.7883    0.1587    0.1325   0.01871   0.01367  0.009095
   279/511       20G   0.01558   0.02316  0.001263      0.04       139      1024    0.1464    0.7828     0.159    0.1327   0.01866   0.01371  0.008884
   280/511       20G    0.0164   0.02351  0.001507   0.04141        91      1024    0.1467    0.7884    0.1594    0.1331   0.01861   0.01375  0.008696
   281/511       20G   0.01688   0.02305  0.001694   0.04163       161      1024    0.1459    0.8257    0.1598    0.1334   0.01856   0.01379  0.008507
   282/511       20G   0.01629   0.02326  0.001555   0.04111       113      1024    0.1464    0.8231    0.1602    0.1338   0.01852   0.01384  0.008324
   283/511       20G   0.01562   0.02326  0.001421    0.0403       104      1024    0.1469    0.8222    0.1605     0.134   0.01847   0.01388  0.008126
   284/511       20G    0.0159   0.02339  0.001324   0.04062        95      1024    0.1473    0.8272    0.1613    0.1348   0.01843   0.01392  0.007954
   285/511       20G   0.01671   0.02298  0.001611   0.04131       124      1024    0.1483    0.8232    0.1613    0.1348   0.01838   0.01398  0.007783
   286/511       20G    0.0165   0.02316  0.001594   0.04125       100      1024    0.1486    0.8217    0.1614     0.135   0.01834   0.01404  0.007566
   287/511       20G   0.01669   0.02346  0.001673   0.04183       114      1024    0.1486    0.8259    0.1618    0.1354    0.0183   0.01409  0.007345
   288/511       20G   0.01603   0.02314  0.001482   0.04065       142      1024    0.1494    0.8304     0.162    0.1355   0.01826   0.01413  0.007118
   289/511       20G   0.01557   0.02324  0.001288   0.04009        96      1024    0.1484    0.8866    0.1627    0.1361   0.01821   0.01417  0.006854
   290/511       20G   0.01611   0.02307   0.00152    0.0407       199      1024    0.1496    0.8686    0.1628    0.1363   0.01817   0.01422  0.006655
   291/511       20G   0.01552   0.02328  0.001418   0.04023        73      1024    0.1504    0.8654    0.1628    0.1363   0.01813   0.01426  0.006476
   292/511       20G   0.01596   0.02321  0.001451   0.04061       141      1024    0.1506    0.8811    0.1635    0.1369   0.01808    0.0143  0.006272
   293/511       20G   0.01618   0.02345  0.001411   0.04105       121      1024    0.1515    0.8671    0.1632    0.1366   0.01804   0.01434  0.006097
   294/511       20G   0.01545   0.02313  0.001436   0.04002       106      1024    0.1525    0.8611    0.1639    0.1373     0.018   0.01437   0.00592
   295/511       20G   0.01528   0.02315  0.001218   0.03966        82      1024    0.1527    0.8654    0.1637     0.137   0.01796    0.0144  0.005757
   296/511       20G   0.01633   0.02337  0.001508    0.0412       107      1024    0.1529    0.8826    0.1642    0.1376   0.01792   0.01445  0.005588
   297/511       20G   0.01706   0.02323  0.001637   0.04192       104      1024    0.1533    0.8794    0.1642    0.1375   0.01789   0.01449  0.005447
   298/511       20G   0.01512   0.02331  0.001241   0.03966        96      1024    0.1536    0.8854     0.164    0.1374   0.01785   0.01454  0.005299
   299/511       20G   0.01574   0.02275  0.001384   0.03987       126      1024    0.1538    0.8854    0.1642    0.1377   0.01781   0.01457  0.005166
   300/511       20G   0.01532   0.02314  0.001284   0.03974       115      1024    0.1544    0.8783    0.1642    0.1376   0.01777   0.01461  0.005016
   301/511       20G   0.01637   0.02328  0.001541   0.04119        78      1024    0.1548    0.8775    0.1647    0.1382   0.01774   0.01466  0.004874
   302/511       20G   0.01483   0.02331  0.001205   0.03934       137      1024    0.1552    0.8775    0.1645     0.138   0.01771    0.0147  0.004742
   303/511       20G   0.01562   0.02329  0.001503   0.04042       105      1024    0.1554    0.8788    0.1649    0.1384   0.01767   0.01473  0.004637
   304/511       20G   0.01624   0.02308  0.001575   0.04089        61      1024    0.1547    0.9045    0.1648    0.1385   0.01763   0.01478  0.004527
   305/511       20G    0.0156   0.02334  0.001729   0.04067        92      1024    0.1549    0.9139    0.1646    0.1384   0.01759   0.01483  0.004421
   306/511       20G   0.01594   0.02334   0.00176   0.04104       122      1024    0.1554    0.9062    0.1651    0.1389   0.01755   0.01486  0.004285
   307/511       20G   0.01628   0.02317  0.001587   0.04104        94      1024    0.1556    0.9088     0.165    0.1387   0.01752    0.0149  0.004148
   308/511       20G   0.01565   0.02323  0.001441   0.04033       127      1024    0.1558    0.9088    0.1658    0.1395   0.01748   0.01495  0.004019
   309/511       20G    0.0155   0.02325  0.001321   0.04007       122      1024     0.156    0.9127    0.1657    0.1395   0.01745   0.01497  0.003896
   310/511       20G    0.0161   0.02273   0.00147    0.0403       175      1024    0.1562    0.9144    0.1657    0.1396   0.01742   0.01501  0.003762
   311/511       20G   0.01544   0.02292   0.00129   0.03965        49      1024    0.1565    0.9155    0.1659    0.1396   0.01739   0.01505  0.003635
   312/511       20G   0.01551   0.02312  0.001358   0.03999        69      1024    0.1567    0.9187    0.1661    0.1399   0.01735    0.0151  0.003531
   313/511       20G   0.01583   0.02308  0.001345   0.04025        79      1024    0.1568    0.9172    0.1667    0.1404   0.01732   0.01513  0.003419
   314/511       20G   0.01558   0.02324  0.001322   0.04013       120      1024    0.1569    0.9146    0.1661    0.1399   0.01729   0.01518  0.003307
   315/511       20G   0.01493   0.02324  0.001317   0.03949       135      1024    0.1573    0.9092    0.1669    0.1406   0.01726   0.01521  0.003213
   316/511       20G   0.01593    0.0231  0.001422   0.04045       176      1024    0.1576    0.9061     0.167    0.1408   0.01723   0.01526  0.003136
   317/511       20G   0.01563   0.02302  0.001364   0.04001        86      1024    0.1578    0.9039    0.1671    0.1411   0.01719   0.01529  0.003059
   318/511       20G   0.01541   0.02319  0.001267   0.03987        84      1024    0.1579    0.9047     0.167     0.141   0.01716   0.01533   0.00299
   319/511       20G   0.01619   0.02301  0.001526   0.04072        95      1024     0.158    0.9051    0.1671    0.1412   0.01713   0.01536   0.00292
   320/511       20G   0.01662    0.0234  0.001584    0.0416       141      1024    0.1582    0.9003    0.1672    0.1412   0.01711    0.0154  0.002851
   321/511       20G   0.01564     0.023  0.001389   0.04003        59      1024    0.1581    0.9035    0.1674    0.1414   0.01707   0.01544  0.002785
   322/511       20G   0.01593   0.02308  0.001373   0.04039        68      1024    0.1572    0.9416    0.1677    0.1418   0.01704   0.01546  0.002715
   323/511       20G   0.01612   0.02311   0.00137    0.0406       160      1024    0.1576    0.9414    0.1675    0.1417   0.01701   0.01549  0.002656
   324/511       20G     0.017   0.02296  0.001648   0.04161        90      1024    0.1577    0.9416    0.1678    0.1421   0.01698   0.01552  0.002598
   325/511       20G    0.0158   0.02303   0.00146   0.04029        88      1024    0.1579    0.9411    0.1679    0.1423   0.01696   0.01554   0.00254
   326/511       20G   0.01602   0.02324  0.001443   0.04071        91      1024     0.158    0.9385    0.1679    0.1423   0.01693   0.01557   0.00249
   327/511       20G   0.01566   0.02278  0.001312   0.03975        68      1024    0.1582     0.937    0.1676     0.142   0.01691    0.0156  0.002448
   328/511       20G   0.01602   0.02307  0.001348   0.04043       180      1024    0.1584    0.9346    0.1675     0.142   0.01689   0.01563  0.002404
   329/511       20G    0.0157   0.02316  0.001406   0.04027       153      1024    0.1588    0.9332     0.168    0.1424   0.01686   0.01566  0.002358
   330/511       20G   0.01609   0.02304  0.001343   0.04047       113      1024    0.1586    0.9351    0.1683    0.1427   0.01684   0.01569  0.002312
   331/511       20G   0.01573   0.02298  0.001416   0.04014        92      1024     0.159    0.9253    0.1676    0.1422   0.01681   0.01571  0.002273
   332/511       20G   0.01553   0.02297  0.001328   0.03983       164      1024    0.1591    0.9258    0.1673     0.142   0.01678   0.01573  0.002234
   333/511       20G   0.01496   0.02283  0.001223   0.03901       142      1024    0.1591    0.9278    0.1676    0.1424   0.01676   0.01576  0.002202
   334/511       20G   0.01565   0.02293  0.001551   0.04013        74      1024    0.1587    0.9379    0.1678    0.1425   0.01673   0.01579  0.002172
   335/511       20G   0.01504   0.02304  0.001412   0.03949       165      1024    0.1587    0.9388    0.1673    0.1421   0.01671   0.01582  0.002132
   336/511       20G   0.01544   0.02308  0.001535   0.04005        56      1024    0.1588    0.9394    0.1674    0.1424   0.01668   0.01584    0.0021
   337/511       20G   0.01522     0.023  0.001599   0.03981       120      1024    0.1587    0.9389    0.1673    0.1424   0.01667   0.01585  0.002112
   338/511       20G    0.0155   0.02317  0.001427    0.0401       153      1024     0.159    0.9283    0.1674    0.1424   0.01666   0.01585  0.002114
   339/511       20G   0.01511   0.02325  0.001427   0.03979       146      1024    0.1587    0.9355    0.1672    0.1423   0.01664   0.01586   0.00212
   340/511       20G   0.01515   0.02285   0.00127   0.03927       148      1024    0.1587    0.9372    0.1675    0.1426   0.01662   0.01589   0.00211
   341/511       20G   0.01539   0.02313   0.00127   0.03979        72      1024    0.1586    0.9405    0.1674    0.1425   0.01661    0.0159  0.002091
   342/511       20G   0.01581   0.02316  0.001326   0.04029       147      1024    0.1587    0.9406    0.1669    0.1421   0.01658   0.01592  0.002076
   343/511       20G   0.01517    0.0227  0.001323   0.03919        70      1024    0.1589    0.9407     0.167    0.1423   0.01655   0.01594  0.002054
   344/511       20G   0.01493   0.02308  0.001223   0.03923        89      1024    0.1591    0.9347    0.1672    0.1425   0.01653   0.01596  0.002033
   345/511       20G    0.0147   0.02271  0.001133   0.03855        59      1024    0.1592    0.9341     0.167    0.1423    0.0165   0.01598  0.002011
   346/511       20G   0.01493   0.02312  0.001277   0.03933        76      1024    0.1592    0.9336     0.167    0.1424   0.01648   0.01599  0.001993
   347/511       20G   0.01506   0.02292  0.001213   0.03919        83      1024    0.1592    0.9335    0.1674    0.1429   0.01645     0.016  0.001978
   348/511       20G   0.01558   0.02302  0.001301    0.0399       118      1024    0.1593    0.9327    0.1671    0.1425   0.01643   0.01602  0.001961
   349/511       20G   0.01583   0.02308  0.001441   0.04036       123      1024    0.1593    0.9326    0.1668    0.1424    0.0164   0.01604  0.001944
   350/511       20G   0.01491   0.02262  0.001238   0.03877       106      1024    0.1594    0.9331    0.1667    0.1425   0.01638   0.01606  0.001924
   351/511       20G   0.01538   0.02288   0.00126   0.03952        93      1024    0.1594    0.9333    0.1667    0.1425   0.01635   0.01606  0.001905
   352/511       20G    0.0154   0.02303  0.001187   0.03961        79      1024    0.1594    0.9331    0.1667    0.1426   0.01632    0.0161  0.001892
   353/511       20G   0.01523   0.02323  0.001446   0.03991       120      1024    0.1594    0.9321    0.1669    0.1428    0.0163   0.01612  0.001879
   354/511       20G   0.01467   0.02305  0.001193   0.03891       153      1024    0.1593    0.9305    0.1671     0.143   0.01628   0.01615  0.001869
   355/511       20G   0.01526   0.02291  0.001367   0.03953       221      1024    0.1594    0.9294    0.1668    0.1428   0.01625   0.01616  0.001863
   356/511       20G   0.01517   0.02285  0.001277   0.03929       143      1024    0.1592    0.9357    0.1674    0.1435   0.01622   0.01617  0.001856
   357/511       20G   0.01528   0.02307   0.00125    0.0396       113      1024    0.1593    0.9346    0.1672    0.1432    0.0162    0.0162  0.001845
   358/511       20G   0.01503   0.02324  0.001237    0.0395       125      1024    0.1593    0.9349    0.1674    0.1435   0.01618   0.01622  0.001836
   359/511       20G   0.01509   0.02296    0.0012   0.03925        99      1024    0.1596    0.9236    0.1673    0.1435   0.01616   0.01625  0.001827
   360/511       20G   0.01501   0.02252  0.001437   0.03897       123      1024    0.1596    0.9252    0.1675    0.1437   0.01614   0.01626  0.001817
   361/511       20G   0.01504   0.02298  0.001212   0.03923       174      1024    0.1592    0.9346    0.1676    0.1438   0.01612   0.01627  0.001807
   362/511       20G    0.0142    0.0233   0.00101   0.03851        52      1024    0.1598    0.9181    0.1677    0.1439   0.01609   0.01629  0.001799
   363/511       20G   0.01591   0.02323  0.001344   0.04048        74      1024    0.1597    0.9183     0.168    0.1442   0.01607   0.01631  0.001788
   364/511       20G   0.01515   0.02297   0.00126   0.03938       156      1024    0.1595    0.9242    0.1683    0.1445   0.01605   0.01633  0.001773
   365/511       20G   0.01475   0.02267   0.00125   0.03867        94      1024    0.1596    0.9215    0.1687    0.1449   0.01603   0.01635  0.001761
   366/511       20G   0.01465   0.02292  0.001115   0.03869       154      1024    0.1596     0.922    0.1681    0.1446   0.01601   0.01635  0.001747
   367/511       20G   0.01481   0.02293  0.001182   0.03892       154      1024    0.1596    0.9224    0.1682    0.1448   0.01599   0.01636  0.001733
   368/511       20G   0.01509   0.02305  0.001244   0.03939        54      1024    0.1596    0.9234    0.1682    0.1449   0.01596   0.01637  0.001719
   369/511       20G   0.01508   0.02304  0.001206   0.03932       132      1024    0.1596    0.9231    0.1683    0.1451   0.01594   0.01638  0.001708
   370/511       20G   0.01499   0.02275  0.001077   0.03882        88      1024    0.1587     0.953    0.1684    0.1453   0.01593   0.01639    0.0017
   371/511       20G   0.01544   0.02298   0.00122   0.03964       186      1024    0.1588    0.9467    0.1689    0.1457   0.01591   0.01639  0.001693
   372/511       20G   0.01632   0.02289  0.001424   0.04063       152      1024    0.1589    0.9456    0.1691     0.146   0.01589    0.0164  0.001685
   373/511       20G   0.01522   0.02298  0.001187   0.03939       160      1024    0.1591    0.9416    0.1688    0.1458   0.01587   0.01642  0.001675
   374/511       20G   0.01581   0.02293  0.001234   0.03998       107      1024    0.1592    0.9362    0.1695    0.1465   0.01585   0.01644  0.001668
   375/511       20G   0.01509   0.02308  0.001271   0.03944       140      1024    0.1593    0.9388    0.1693    0.1463   0.01583   0.01645  0.001662
   376/511       20G   0.01474   0.02305    0.0011   0.03888       124      1024    0.1594    0.9371    0.1691    0.1462   0.01581   0.01646  0.001657
   377/511       20G   0.01399   0.02295  0.001052   0.03799       101      1024    0.1594    0.9369    0.1696    0.1467   0.01579   0.01647  0.001651
   378/511       20G   0.01521   0.02266  0.001179   0.03905       172      1024    0.1594    0.9371    0.1695    0.1467   0.01577    0.0165   0.00164
   379/511       20G   0.01483   0.02279  0.001134   0.03875       135      1024    0.1593    0.9386    0.1694    0.1467   0.01575   0.01651  0.001632
   380/511       20G    0.0151   0.02284  0.001128   0.03907       108      1024    0.1593    0.9385    0.1698    0.1472   0.01574   0.01652  0.001624
   381/511       20G   0.01464   0.02282  0.001077   0.03854       139      1024    0.1592    0.9403     0.169    0.1465   0.01572   0.01653  0.001614
   382/511       20G   0.01547   0.02289  0.001185   0.03955        78      1024    0.1595    0.9336    0.1698    0.1472    0.0157   0.01654  0.001605
   383/511       20G   0.01543   0.02278  0.001217   0.03943       100      1024     0.159     0.949    0.1691    0.1466   0.01568   0.01655  0.001597
   384/511       20G   0.01489   0.02271  0.001103    0.0387        71      1024    0.1591    0.9483    0.1693    0.1468   0.01567   0.01657  0.001592
   385/511       20G    0.0145   0.02305  0.001054    0.0386       136      1024    0.1591    0.9477    0.1691    0.1467   0.01565   0.01658  0.001585
   386/511       20G   0.01528   0.02283   0.00112   0.03922       111      1024    0.1596    0.9314    0.1692    0.1469   0.01563   0.01659  0.001579
   387/511       20G   0.01524   0.02273  0.001113   0.03909       104      1024    0.1596    0.9324    0.1692    0.1469   0.01561   0.01661  0.001571
   388/511       20G   0.01641   0.02299  0.001969   0.04136        85      1024    0.1596    0.9325    0.1696    0.1474    0.0156   0.01662  0.001565
   389/511       20G   0.01458   0.02295  0.001299   0.03883       140      1024    0.1596    0.9322    0.1695    0.1474    0.0156   0.01662  0.001557
   390/511       20G     0.015   0.02264  0.001331   0.03897       111      1024    0.1592    0.9416    0.1692    0.1472   0.01559   0.01663  0.001547
   391/511       20G    0.0147   0.02262    0.0012   0.03852       169      1024    0.1592    0.9423    0.1695    0.1474   0.01558   0.01663  0.001543
   392/511       20G     0.016   0.02311  0.001819   0.04093        93      1024    0.1593    0.9406    0.1695    0.1474   0.01557   0.01665  0.001533
   393/511       20G   0.01506    0.0232  0.001487   0.03975       120      1024    0.1592    0.9421     0.169     0.147   0.01556   0.01666  0.001522
   394/511       20G   0.01481   0.02276  0.001375   0.03895       143      1024    0.1592    0.9415    0.1691    0.1472   0.01555   0.01667  0.001511
   395/511       20G   0.01535   0.02285  0.001366   0.03957       192      1024    0.1592    0.9437    0.1694    0.1474   0.01553   0.01669  0.001504
   396/511       20G    0.0155   0.02287  0.001456   0.03983       124      1024    0.1593    0.9433    0.1694    0.1473   0.01552   0.01672  0.001505
   397/511       20G   0.01531   0.02282  0.001289   0.03942       258      1024    0.1593    0.9434      0.17    0.1479   0.01551   0.01672  0.001506
   398/511       20G   0.01507   0.02272  0.001237   0.03902       156      1024    0.1594     0.944    0.1695    0.1474   0.01549   0.01673  0.001506
   399/511       20G   0.01533   0.02282  0.001312   0.03946        75      1024    0.1594    0.9432    0.1693    0.1474   0.01548   0.01674  0.001508
   400/511       20G   0.01477   0.02266  0.001087   0.03852        85      1024    0.1595    0.9434      0.17     0.148   0.01546   0.01675  0.001511
   401/511       20G   0.01514    0.0226  0.001268   0.03901        74      1024    0.1595    0.9437    0.1697    0.1477   0.01545   0.01677  0.001515
   402/511       20G   0.01514   0.02283  0.001147   0.03912        71      1024    0.1595     0.943    0.1698    0.1478   0.01544   0.01677  0.001517
   403/511       20G   0.01557   0.02303  0.001339   0.03993       168      1024    0.1595    0.9397    0.1697    0.1478   0.01543   0.01678  0.001517
   404/511       20G   0.01494   0.02267   0.00125   0.03886       106      1024    0.1596    0.9395    0.1696    0.1476   0.01542   0.01679   0.00152
   405/511       20G   0.01467   0.02298  0.001138   0.03879       147      1024    0.1596    0.9398    0.1697    0.1478   0.01541   0.01679  0.001526
   406/511       20G   0.01429   0.02246  0.001031   0.03779       106      1024    0.1596    0.9395    0.1697    0.1478    0.0154   0.01681  0.001528
   407/511       20G   0.01504   0.02254  0.001218    0.0388        68      1024    0.1596    0.9408    0.1697    0.1478   0.01539   0.01682  0.001531
   408/511       20G   0.01559   0.02274   0.00124   0.03957       161      1024    0.1596    0.9409    0.1703    0.1483   0.01538   0.01682  0.001532
   409/511       20G    0.0148   0.02281  0.001063   0.03868        55      1024    0.1597    0.9411      0.17     0.148   0.01536   0.01683  0.001531
   410/511       20G   0.01455   0.02282  0.001047   0.03842        61      1024    0.1598    0.9383    0.1703    0.1482   0.01536   0.01684  0.001529
   411/511       20G   0.01479   0.02273   0.00103   0.03856        52      1024    0.1597    0.9391    0.1705    0.1485   0.01534   0.01685  0.001525
   412/511       20G   0.01456   0.02267  0.001051   0.03828       141      1024    0.1596    0.9467    0.1709    0.1489   0.01533   0.01685  0.001515
   413/511       20G   0.01491   0.02268  0.001022   0.03862        84      1024    0.1597    0.9412    0.1702    0.1483   0.01532   0.01687  0.001512
   414/511       20G   0.01408   0.02266 0.0009387   0.03768       127      1024    0.1597    0.9414    0.1705    0.1487   0.01532   0.01687  0.001508
   415/511       20G   0.01441   0.02277 0.0009983   0.03817       192      1024    0.1598    0.9409    0.1712    0.1492   0.01532   0.01688  0.001503
   416/511       20G   0.01406   0.02262   0.00106   0.03774        85      1024    0.1597    0.9415    0.1711    0.1493    0.0153   0.01688  0.001499
   417/511       20G   0.01512   0.02307  0.001172   0.03936       119      1024    0.1597    0.9423    0.1714    0.1495    0.0153   0.01689  0.001496
   418/511       20G   0.01518   0.02272  0.001119   0.03901       133      1024    0.1598    0.9419    0.1708     0.149   0.01529   0.01689  0.001493
   419/511       20G   0.01492   0.02264  0.001089   0.03865       187      1024    0.1598    0.9422    0.1711    0.1493   0.01529   0.01689  0.001488
   420/511       20G   0.01517   0.02277  0.001137   0.03908       103      1024    0.1598    0.9426    0.1706    0.1489   0.01528    0.0169  0.001487
   421/511       20G   0.01421   0.02267 0.0009679   0.03785       144      1024    0.1598    0.9423    0.1707    0.1489   0.01527   0.01689  0.001485
   422/511       20G   0.01524   0.02289  0.001197   0.03932       117      1024    0.1598    0.9425    0.1709    0.1492   0.01525   0.01691  0.001478
   423/511       20G   0.01449   0.02247  0.001142    0.0381       145      1024    0.1597    0.9485    0.1708    0.1491   0.01524   0.01691  0.001472
   424/511       20G   0.01465   0.02253  0.001026    0.0382       173      1024    0.1597    0.9485    0.1707    0.1491   0.01524   0.01693  0.001468
   425/511       20G    0.0143   0.02268 0.0009557   0.03794       134      1024    0.1598    0.9426    0.1706    0.1491   0.01523   0.01693  0.001465
   426/511       20G   0.01442   0.02271  0.001005   0.03814       167      1024    0.1597    0.9478    0.1706    0.1491   0.01521   0.01694  0.001466
   427/511       20G   0.01546   0.02281  0.001132   0.03941        51      1024    0.1599    0.9431    0.1706    0.1493    0.0152   0.01695  0.001465
   428/511       20G   0.01402   0.02249  0.001006   0.03751        43      1024      0.16    0.9426    0.1707    0.1494    0.0152   0.01695  0.001462
   429/511       20G   0.01431   0.02229  0.001028   0.03764       159      1024    0.1599    0.9419    0.1707    0.1494   0.01519   0.01695  0.001459
   430/511       20G   0.01469   0.02284  0.001003   0.03853        82      1024    0.1599    0.9423    0.1707    0.1493   0.01518   0.01695  0.001457
   431/511       20G     0.014   0.02258 0.0008989   0.03748       104      1024    0.1598    0.9431    0.1707    0.1494   0.01517   0.01695  0.001454
   432/511       20G   0.01433   0.02265  0.001023     0.038       138      1024    0.1598    0.9423     0.171    0.1497   0.01517   0.01696  0.001457
   433/511       20G   0.01519   0.02261  0.001106   0.03891       113      1024    0.1596    0.9486    0.1707    0.1495   0.01517   0.01695  0.001459
   434/511       20G   0.01445   0.02248  0.000952   0.03788        77      1024    0.1596    0.9489    0.1708    0.1496   0.01516   0.01696   0.00146
   435/511       20G   0.01539   0.02244  0.001147   0.03898        77      1024    0.1596    0.9488    0.1726    0.1511   0.01516   0.01698  0.001457
   436/511       20G   0.01391   0.02286 0.0009326    0.0377       172      1024    0.1596    0.9486    0.1722    0.1508   0.01514   0.01699  0.001454
   437/511       20G   0.01412   0.02286 0.0009264   0.03791       225      1024    0.1596     0.949    0.1722    0.1507   0.01513   0.01698  0.001452
   438/511       20G   0.01462   0.02295  0.001037    0.0386       138      1024    0.1596    0.9495    0.1727    0.1512   0.01512     0.017  0.001447
   439/511       20G   0.01457   0.02248     0.001   0.03805       104      1024    0.1596    0.9495    0.1728    0.1512   0.01511   0.01699  0.001444
   440/511       20G   0.01419   0.02253 0.0009787   0.03769       208      1024    0.1596    0.9496     0.173    0.1514    0.0151     0.017  0.001441
   441/511       20G   0.01409   0.02242  0.001017   0.03753        96      1024    0.1594    0.9551    0.1735    0.1519   0.01509     0.017  0.001437
   442/511       20G   0.01492   0.02254  0.001155   0.03862       110      1024    0.1595    0.9539    0.1722    0.1509   0.01508     0.017  0.001432
   443/511       20G   0.01471   0.02257   0.00111   0.03839       152      1024    0.1595    0.9533    0.1722    0.1509   0.01508   0.01699  0.001436
   444/511       20G   0.01374   0.02277 0.0009294   0.03744        65      1024    0.1598    0.9454     0.173    0.1515   0.01507     0.017  0.001435
   445/511       20G   0.01459   0.02258  0.001081   0.03825       186      1024    0.1599    0.9454    0.1721     0.151   0.01506   0.01701  0.001432
   446/511       20G   0.01497   0.02278  0.001141   0.03889        93      1024    0.1599    0.9454    0.1723    0.1512   0.01505     0.017  0.001431
   447/511       20G   0.01418   0.02268  0.001026   0.03789       164      1024    0.1599    0.9445    0.1721     0.151   0.01504   0.01701  0.001429
   448/511       20G   0.01435   0.02232 0.0009778   0.03764        83      1024    0.1599    0.9465    0.1725    0.1514   0.01503   0.01701  0.001429
   449/511       20G   0.01396   0.02272     0.001   0.03767        91      1024    0.1599    0.9453    0.1725    0.1513   0.01502     0.017  0.001431
   450/511       20G   0.01489   0.02257  0.001148    0.0386        97      1024    0.1599    0.9468    0.1725    0.1514   0.01502     0.017   0.00143
   451/511       20G   0.01432   0.02245 0.0009563   0.03773        84      1024    0.1597    0.9517    0.1722    0.1511   0.01501   0.01701  0.001429
   452/511       20G   0.01464   0.02268  0.001008   0.03833       119      1024    0.1596    0.9553    0.1728    0.1516     0.015   0.01702  0.001429
   453/511       20G   0.01452   0.02272  0.001005   0.03824        96      1024    0.1596    0.9557    0.1728    0.1518     0.015   0.01701  0.001428
   454/511       20G   0.01427   0.02273 0.0009454   0.03794       144      1024    0.1597    0.9562    0.1731    0.1519   0.01499   0.01702  0.001426
   455/511       20G   0.01498   0.02276 0.0009588    0.0387       161      1024    0.1597    0.9562    0.1734    0.1522   0.01499   0.01702  0.001425
   456/511       20G   0.01462   0.02268  0.001083   0.03838        80      1024    0.1597    0.9548    0.1731     0.152   0.01499   0.01704  0.001418
   457/511       20G    0.0141   0.02257 0.0009576   0.03763       109      1024    0.1597     0.955    0.1727    0.1517   0.01498   0.01703   0.00141
   458/511       20G    0.0148   0.02243  0.001136   0.03837        66      1024    0.1597    0.9545    0.1726    0.1516   0.01497   0.01704  0.001398
   459/511       20G   0.01453   0.02288  0.001076   0.03849        88      1024    0.1598    0.9545    0.1725    0.1517   0.01496   0.01705  0.001388
   460/511       20G   0.01396   0.02268 0.0009735   0.03762       150      1024    0.1598    0.9543    0.1724    0.1517   0.01495   0.01707   0.00138
   461/511       20G     0.015    0.0225  0.001146   0.03864       130      1024    0.1598    0.9539    0.1731    0.1524   0.01495   0.01707  0.001373
   462/511       20G   0.01435   0.02259  0.001011   0.03795       152      1024    0.1598    0.9535     0.173    0.1523   0.01495   0.01707   0.00137
   463/511       20G   0.01448   0.02229 0.0009296    0.0377       134      1024    0.1598    0.9528    0.1729    0.1521   0.01494   0.01708  0.001364
   464/511       20G   0.01398   0.02252 0.0008938    0.0374       116      1024    0.1598    0.9532    0.1728    0.1522   0.01494   0.01707  0.001364
   465/511       20G   0.01362   0.02222 0.0008593    0.0367        91      1024    0.1598    0.9532    0.1728    0.1521   0.01494   0.01707  0.001361
   466/511       20G    0.0136   0.02279 0.0008875   0.03728       113      1024    0.1598    0.9532    0.1723    0.1518   0.01493   0.01707  0.001359
   467/511       20G   0.01456   0.02267  0.001097   0.03833        75      1024    0.1597    0.9532    0.1725    0.1519   0.01493   0.01707  0.001357
   468/511       20G   0.01436   0.02234  0.000981   0.03768       116      1024    0.1597    0.9538    0.1723    0.1517   0.01493   0.01708  0.001356
   469/511       20G   0.01429   0.02241  0.000875   0.03757       136      1024    0.1598    0.9482    0.1724    0.1517   0.01493   0.01707  0.001358
   470/511       20G   0.01429   0.02229 0.0009202   0.03751       116      1024    0.1595    0.9566    0.1725    0.1518   0.01492   0.01707  0.001355
   471/511       20G    0.0143   0.02232  0.001035   0.03766       102      1024    0.1596     0.956    0.1726     0.152   0.01492   0.01708  0.001349
   472/511       20G   0.01508   0.02275  0.001178     0.039        97      1024    0.1595    0.9556    0.1727     0.152   0.01492   0.01708  0.001345
   473/511       20G   0.01433   0.02242 0.0009628   0.03772       115      1024    0.1595     0.956     0.173    0.1522   0.01491   0.01707  0.001343
   474/511       20G   0.01409   0.02294 0.0009521   0.03798       127      1024    0.1595    0.9567    0.1727     0.152   0.01491   0.01707  0.001342
   475/511       20G   0.01352   0.02241 0.0009285   0.03685        57      1024    0.1594    0.9589    0.1732    0.1524   0.01491   0.01706  0.001335
   476/511       20G   0.01425   0.02243 0.0009429   0.03763       123      1024    0.1594    0.9577    0.1732    0.1525    0.0149   0.01708  0.001328
   477/511       20G   0.01416   0.02266   0.00106   0.03789        94      1024      0.16    0.9403    0.1731    0.1523    0.0149   0.01707  0.001325
   478/511       20G    0.0141   0.02244 0.0009737   0.03751       118      1024    0.1597    0.9505    0.1733    0.1525    0.0149   0.01708  0.001322
   479/511       20G   0.01436   0.02252 0.0009605   0.03784        91      1024    0.1598    0.9476    0.1734    0.1527   0.01489   0.01706  0.001318
   480/511       20G   0.01424   0.02243 0.0009858   0.03766       166      1024    0.1597     0.951    0.1734    0.1526   0.01489   0.01706   0.00132
   481/511       20G   0.01435   0.02242  0.001027    0.0378        83      1024    0.1598    0.9507    0.1736    0.1527   0.01489   0.01707  0.001323
   482/511       20G   0.01461   0.02241  0.001051   0.03807       121      1024    0.1598    0.9507    0.1731    0.1523   0.01489   0.01708  0.001324
   483/511       20G   0.01409   0.02271 0.0009732   0.03778       104      1024    0.1598    0.9509    0.1735    0.1527   0.01488   0.01708  0.001325
   484/511       20G   0.01524   0.02252  0.001234     0.039       113      1024    0.1598    0.9504    0.1741    0.1531   0.01488    0.0171  0.001329
   485/511       20G   0.01426   0.02257  0.001001   0.03784       110      1024    0.1599    0.9506     0.174    0.1532   0.01488   0.01712  0.001331
   486/511       20G   0.01532   0.02266  0.001101   0.03909       115      1024    0.1599    0.9502    0.1741    0.1533   0.01487   0.01711  0.001332
   487/511       20G   0.01399   0.02258 0.0008931   0.03747       139      1024    0.1599    0.9503    0.1742    0.1533   0.01488   0.01712  0.001336
   488/511       20G    0.0149   0.02258  0.001052   0.03854       129      1024    0.1599    0.9504    0.1737    0.1529   0.01488   0.01713  0.001339
   489/511       20G   0.01371   0.02258 0.0009246   0.03721       107      1024    0.1599    0.9504    0.1737    0.1528   0.01487   0.01713   0.00134
   490/511       20G   0.01306   0.02233 0.0007517   0.03615       100      1024    0.1598    0.9504    0.1741    0.1533   0.01487   0.01714  0.001338
   491/511       20G   0.01443   0.02243 0.0009388    0.0378        60      1024    0.1598    0.9499    0.1742    0.1534   0.01487   0.01715  0.001339
   492/511       20G   0.01469   0.02249  0.001038   0.03822       150      1024      0.16    0.9437    0.1743    0.1535   0.01486   0.01715  0.001341
   493/511       20G   0.01483   0.02257  0.001026   0.03842       135      1024      0.16    0.9433    0.1746    0.1537   0.01486   0.01715  0.001346
   494/511       20G   0.01494   0.02232  0.001174   0.03844        85      1024    0.1598     0.951    0.1746    0.1539   0.01485   0.01716  0.001354
   495/511       20G   0.01422    0.0226  0.001066   0.03788       201      1024      0.16    0.9432    0.1747    0.1539   0.01486   0.01715  0.001358
   496/511       20G   0.01464   0.02239  0.001118   0.03815       102      1024    0.1601    0.9418    0.1742    0.1535   0.01485   0.01715  0.001367
   497/511       20G   0.01394   0.02234 0.0009244    0.0372        92      1024    0.1601    0.9414    0.1748    0.1541   0.01485   0.01715   0.00138
   498/511       20G   0.01483   0.02224  0.001112   0.03819       130      1024    0.1599    0.9469     0.175    0.1542   0.01485   0.01717  0.001391
   499/511       20G   0.01403   0.02232  0.000905   0.03726       160      1024    0.1602    0.9415    0.1753    0.1545   0.01485   0.01716  0.001406
   500/511       20G   0.01441   0.02277  0.001052   0.03823       126      1024    0.1602    0.9418    0.1751    0.1543   0.01485   0.01718  0.001417
   501/511       20G   0.01405   0.02226 0.0009864   0.03729       121      1024    0.1602    0.9425    0.1755    0.1547   0.01485   0.01718  0.001424
   502/511       20G    0.0146    0.0226  0.001044   0.03824        73      1024    0.1602    0.9428    0.1754    0.1546   0.01484   0.01717  0.001438
   503/511       20G   0.01514   0.02257  0.001174   0.03889       150      1024    0.1602    0.9423    0.1753    0.1546   0.01484   0.01717  0.001449
   504/511       20G   0.01468   0.02235  0.001057   0.03809        62      1024    0.1603    0.9417    0.1751    0.1544   0.01483   0.01718  0.001457
   505/511       20G   0.01414   0.02216 0.0009484   0.03724       117      1024    0.1603    0.9413    0.1751    0.1545   0.01483   0.01721  0.001466
   506/511       20G    0.0148   0.02248  0.001064   0.03835       102      1024    0.1603    0.9407    0.1753    0.1546   0.01483   0.01721  0.001473
   507/511       20G   0.01535   0.02254  0.001244   0.03913       184      1024    0.1603    0.9408    0.1751    0.1545   0.01482   0.01722  0.001474
   508/511       20G   0.01423   0.02253  0.001039    0.0378        73      1024    0.1603    0.9409    0.1758     0.155   0.01482   0.01722  0.001478
   509/511       20G   0.01471   0.02216   0.00104   0.03791       120      1024    0.1603    0.9414    0.1755    0.1548   0.01482   0.01722  0.001481
   510/511       20G   0.01463   0.02214  0.001095   0.03786       148      1024    0.1604    0.9415    0.1754    0.1548   0.01481   0.01724  0.001483
   511/511       20G   0.01486   0.02215   0.00107   0.03807       112      1024    0.1603    0.9415    0.1753    0.1548   0.01481   0.01724  0.001484
