     0/511     18.4G   0.08119   0.05843   0.04446    0.1841       218      1024  0.000215   0.01544 7.869e-05 1.292e-05   0.07607    0.1348   0.03093
     1/511     19.4G   0.05532   0.04378    0.0389     0.138        47      1024    0.6103    0.4441    0.2922    0.2017   0.02545   0.03109   0.02944
     2/511     19.4G   0.03886    0.0387   0.03544     0.113        35      1024    0.4866    0.4359    0.3801    0.2685   0.02267   0.02722   0.02924
     3/511     19.4G   0.03322   0.03572    0.0297   0.09863        99      1024    0.4422    0.4411    0.3257    0.2307   0.02679   0.03041    0.0338
     4/511     19.4G   0.03122   0.03415   0.02554   0.09091        61      1024    0.3361    0.6112    0.4833    0.3787   0.02047   0.02836   0.02677
     5/511     19.4G   0.02953   0.03168   0.02057   0.08178       141      1024    0.5367    0.6149    0.6179    0.4913   0.01852   0.02563   0.02333
     6/511     19.4G   0.02952   0.03079   0.01728    0.0776       108      1024    0.2738    0.2954     0.319    0.2513   0.01904   0.03256    0.0409
     7/511     19.4G   0.02774   0.02942   0.01359   0.07075        61      1024    0.6664    0.6873    0.7034     0.561   0.01678   0.02405   0.01982
     8/511     19.4G   0.02807   0.02995   0.01447   0.07249        83      1024    0.3444    0.3913    0.3551    0.2681   0.02935   0.04106   0.03876
     9/511     19.4G   0.02558   0.02826   0.01116     0.065       172      1024    0.4943    0.4447    0.4802    0.3704   0.02396   0.03797   0.03803
    10/511     19.4G   0.02468   0.02741  0.008913     0.061       118      1024    0.3508    0.5116    0.4625    0.3629   0.02012   0.03245   0.02796
    11/511     19.4G     0.024   0.02699  0.008224   0.05922       119      1024    0.8727    0.8909    0.9431    0.7783   0.01673   0.02161  0.006435
    12/511     19.4G   0.02331   0.02581  0.006848   0.05597       110      1024    0.8956    0.8856    0.9501    0.7848   0.01555   0.02146  0.005618
    13/511     19.4G     0.023   0.02549  0.006274   0.05477        55      1024    0.9227    0.9206     0.965     0.801   0.01502   0.02152  0.004205
    14/511     19.4G   0.02292   0.02523  0.005933   0.05409       180      1024    0.6887    0.4712    0.6446    0.5254   0.01863   0.02353   0.02732
    15/511     19.4G   0.02208   0.02487  0.005677   0.05262       110      1024    0.8498    0.8683    0.9378     0.776   0.01493   0.02185  0.006943
    16/511     19.4G    0.0223   0.02511  0.005579   0.05299       197      1024    0.9044    0.8882      0.95    0.7876   0.01517    0.0217  0.005707
    17/511     19.4G   0.02221   0.02471  0.005415   0.05234        51      1024     0.925    0.8975     0.963    0.7986   0.01668   0.02154  0.004331
    18/511     19.4G   0.02162   0.02426  0.004718    0.0506       230      1024    0.9181     0.902    0.9607    0.7943   0.01591   0.02171  0.004473
    19/511     19.4G   0.02136   0.02371  0.004306   0.04937       140      1024    0.9333    0.9291    0.9721    0.8109   0.01464   0.02158  0.002854
    20/511     19.4G   0.02091   0.02343  0.004029   0.04837        98      1024     0.932    0.9261    0.9713    0.8105   0.01429   0.02178  0.002994
    21/511     19.4G    0.0214   0.02349  0.004138   0.04902        46      1024    0.9342    0.9367    0.9767    0.8165   0.01538   0.02158  0.002194
    22/511     19.4G     0.021   0.02324  0.004029   0.04827       101      1024    0.9299    0.9006    0.9672    0.8068   0.01586    0.0216   0.00459
    23/511     19.4G   0.02134   0.02327  0.003944   0.04855       137      1024    0.9481    0.9521    0.9804    0.8224   0.01452   0.02161  0.001461
    24/511     19.4G    0.0208   0.02299   0.00375   0.04754        71      1024     0.952    0.9517    0.9813     0.825   0.01411   0.02166  0.001383
    25/511     19.4G   0.02056    0.0231  0.003635   0.04729        81      1024    0.9444    0.9416    0.9788    0.8216   0.01394   0.02157  0.001823
    26/511     19.4G   0.02112   0.02334  0.004035    0.0485        59      1024    0.9407    0.9271     0.978    0.8217   0.01466   0.02158  0.002292
    27/511     19.4G   0.02024   0.02265  0.003332   0.04623       177      1024     0.948    0.9502    0.9813    0.8263   0.01365   0.02148  0.001514
    28/511     19.4G   0.02029   0.02266  0.003234   0.04618       120      1024     0.953    0.9525     0.983    0.8289   0.01352   0.02165  0.001117
    29/511     19.4G   0.02062   0.02252  0.003134   0.04627       109      1024    0.9526    0.9549    0.9833    0.8296   0.01346   0.02173  0.001073
    30/511     19.4G   0.02064   0.02255  0.003302   0.04649       169      1024    0.9525    0.9591    0.9837    0.8305   0.01363   0.02163 0.0009709
    31/511     19.4G   0.02089   0.02319  0.004328   0.04841       112      1024     0.947    0.9339    0.9787     0.824   0.01362   0.02152  0.002103
    32/511     19.4G   0.02179   0.02395  0.005209   0.05095        87      1024    0.8562    0.8436    0.9239    0.7684   0.01453   0.02186  0.007885
    33/511     19.4G   0.02146   0.02403   0.00493   0.05042        67      1024    0.9372    0.9302    0.9748    0.8189   0.01408   0.02147  0.002149
    34/511     19.4G   0.02084   0.02295  0.003869   0.04766       116      1024     0.945    0.9535    0.9824    0.8279   0.01407   0.02169  0.001298
    35/511     19.4G   0.02013   0.02332  0.003846   0.04729       136      1024    0.9068    0.8984    0.9561    0.7964   0.02056   0.02215   0.09382
    36/511     19.4G   0.02039   0.02289  0.003505   0.04678       175      1024     0.953    0.9503    0.9822    0.8283   0.01312   0.02187  0.001328
    37/511     19.4G   0.02019   0.02248  0.003166   0.04584        95      1024    0.9531    0.9598    0.9841    0.8325   0.01306   0.02201 0.0008468
    38/511     19.4G   0.02071   0.02256  0.003552   0.04682        82      1024    0.9556    0.9471    0.9821    0.8295   0.01345   0.02155  0.001364
    39/511     19.4G   0.01956   0.02201  0.002849   0.04442       182      1024    0.9562    0.9553    0.9843    0.8325    0.0127   0.02205 0.0007537
    40/511     19.4G   0.02026   0.02274  0.003632   0.04663        49      1024    0.9463     0.957    0.9828    0.8315   0.01314   0.02175  0.001144
    41/511     19.4G   0.02017   0.02283  0.003552   0.04655       122      1024    0.9512    0.9612    0.9838    0.8332   0.01298   0.02162 0.0009929
    42/511     19.4G   0.02069   0.02357  0.004898   0.04916        92      1024    0.9268    0.9153    0.9704    0.8179   0.01354   0.02111   0.00338
    43/511     19.4G   0.02052   0.02226  0.003522    0.0463        97      1024    0.9481    0.9571    0.9828    0.8322   0.01362   0.02148  0.001178
    44/511     19.4G   0.02001   0.02217  0.003125   0.04531       100      1024    0.9502    0.9583    0.9834    0.8322   0.01404   0.02145  0.001097
    45/511     19.4G   0.02018   0.02229  0.003524   0.04599       120      1024    0.9484    0.9601    0.9835    0.8331   0.01422   0.02151  0.001153
    46/511     19.4G   0.02025   0.02199  0.002994   0.04523       182      1024    0.9466    0.9648     0.984    0.8341   0.01386   0.02162  0.001586
    47/511     19.4G   0.01984   0.02215  0.002992   0.04498       142      1024    0.9554    0.9601    0.9847     0.836   0.01398   0.02168  0.003052
    48/511     19.4G   0.02057   0.02325   0.00447    0.0483       124      1024      0.93    0.9247     0.978    0.8243   0.01478   0.02143  0.003011
    49/511     19.4G   0.01956   0.02228  0.002981   0.04482       176      1024    0.9499    0.9561    0.9835    0.8334   0.01439   0.02167  0.001322
    50/511     19.4G   0.01991   0.02181  0.003178    0.0449       138      1024    0.9544    0.9578    0.9843    0.8347   0.01403   0.02168  0.001036
    51/511     19.4G   0.01944   0.02164  0.002871   0.04395       108      1024    0.9555     0.959    0.9848    0.8357    0.0139   0.02174 0.0009252
    52/511     19.4G   0.01915   0.02153   0.00255   0.04323        68      1024    0.9556     0.959     0.985    0.8369   0.01377   0.02175  0.001486
    53/511     19.4G   0.01899   0.02131  0.002391   0.04269       123      1024    0.9554    0.9613    0.9851    0.8374   0.01406   0.02171  0.000935
    54/511     19.4G   0.01968   0.02129  0.002495   0.04347        46      1024    0.9559    0.9634    0.9853    0.8379   0.01413   0.02174  0.000809
    55/511     19.4G   0.01974   0.02138  0.002743   0.04387       120      1024    0.9545    0.9658    0.9854    0.8374   0.01491    0.0217 0.0008197
    56/511     19.4G   0.01953    0.0211  0.002514   0.04314        56      1024    0.9575    0.9622    0.9855     0.838   0.01515   0.02167 0.0008359
    57/511     19.4G    0.0202   0.02203  0.003255   0.04549        61      1024    0.9546    0.9592    0.9848     0.837     0.015   0.02158  0.001069
    58/511     19.4G   0.01959   0.02228  0.003342   0.04521       111      1024    0.9539    0.9582    0.9842    0.8362   0.01483   0.02158  0.001134
    59/511     19.4G   0.01878   0.02174   0.00291   0.04343       151      1024    0.9542    0.9604    0.9845     0.837   0.01422   0.02161  0.001053
    60/511     19.4G   0.01885   0.02145  0.002625   0.04292        38      1024     0.955    0.9613    0.9847     0.838   0.01429   0.02158  0.000986
    61/511     19.4G   0.01929   0.02181  0.002659   0.04376       141      1024    0.9551    0.9612    0.9848    0.8386   0.01429   0.02163 0.0009644
    62/511     19.4G   0.01884   0.02135  0.002398   0.04258        79      1024    0.9555    0.9614    0.9849    0.8389   0.01417   0.02166 0.0009416
    63/511     19.4G    0.0187   0.02111  0.002342   0.04215        83      1024    0.9566    0.9613    0.9851    0.8397   0.01422   0.02168 0.0009273
    64/511     19.4G   0.01913   0.02139   0.00232   0.04284       224      1024      0.96    0.9586    0.9852    0.8405   0.01421   0.02169 0.0009071
    65/511     19.4G   0.01943   0.02138  0.002577   0.04339       239      1024    0.9562    0.9626    0.9853    0.8406   0.01435   0.02168    0.0009
    66/511     19.4G   0.01958    0.0213  0.002906   0.04378       126      1024    0.9539    0.9661    0.9854     0.841   0.01428   0.02169 0.0008968
    67/511     19.4G   0.01876   0.02116  0.002273    0.0422        88      1024    0.9554     0.965    0.9854    0.8417   0.01433   0.02167 0.0008977
    68/511     19.4G   0.01955   0.02124   0.00254   0.04332        90      1024     0.955    0.9655    0.9855    0.8421   0.01436   0.02168 0.0009136
    69/511     19.4G   0.01872   0.02095  0.002189   0.04186        75      1024    0.9549    0.9655    0.9855    0.8427   0.01432   0.02167 0.0009228
    70/511     19.4G   0.01865   0.02102  0.002175   0.04184       153      1024    0.9582    0.9628    0.9856    0.8432   0.01424   0.02166 0.0009252
    71/511     19.4G    0.0187   0.02095  0.002102   0.04175       135      1024    0.9577    0.9636    0.9857    0.8437   0.01427   0.02166 0.0009123
    72/511     19.4G   0.01878    0.0208  0.002394   0.04198        87      1024    0.9603    0.9607    0.9857    0.8438   0.01423   0.02166  0.000913
    73/511     19.4G   0.01894   0.02099  0.002194   0.04213        80      1024    0.9546    0.9662    0.9857    0.8438   0.01423   0.02165 0.0009069
    74/511     19.4G   0.01835   0.02065  0.001931   0.04093       142      1024    0.9554     0.966    0.9858    0.8442   0.01424   0.02165 0.0009027
    75/511     19.4G   0.01869   0.02081  0.002196   0.04169       118      1024    0.9601    0.9614    0.9858    0.8439   0.01425   0.02165  0.000908
    76/511     19.4G    0.0188   0.02072  0.002173   0.04169        50      1024    0.9575    0.9643    0.9858    0.8438   0.01419   0.02165 0.0009002
    77/511     19.4G   0.01909     0.021  0.002314   0.04241        65      1024    0.9556    0.9665    0.9858    0.8439   0.01426   0.02163 0.0008946
    78/511     19.4G   0.01951   0.02061  0.002312   0.04243       102      1024    0.9568    0.9655    0.9858    0.8444   0.01433   0.02161 0.0008931
    79/511     19.4G   0.01895   0.02099  0.002241   0.04218       128      1024    0.9575    0.9651    0.9858    0.8443   0.01435   0.02159 0.0008941
    80/511     19.4G   0.01873   0.02052  0.002096   0.04135        97      1024    0.9565    0.9665    0.9859    0.8448   0.01436   0.02159  0.000888
    81/511     19.4G   0.01887   0.02071  0.002522   0.04211        91      1024    0.9565    0.9667    0.9859    0.8448    0.0143   0.02158 0.0008882
    82/511     19.4G   0.01849   0.02075    0.0021   0.04134        54      1024    0.9596    0.9637    0.9859    0.8449   0.01425   0.02159 0.0008823
    83/511     19.4G   0.01858   0.02082  0.002062   0.04146        97      1024    0.9568    0.9669     0.986    0.8451   0.01423   0.02159 0.0008725
    84/511     19.4G   0.01918   0.02171  0.003012   0.04391        96      1024    0.9528    0.9665    0.9857     0.844   0.01426   0.02157 0.0009326
    85/511     19.4G   0.01925   0.02125  0.002332   0.04283        58      1024    0.9513    0.9678    0.9856    0.8426   0.01432    0.0216 0.0009431
    86/511     19.4G   0.01877   0.02106  0.002503   0.04234       115      1024    0.9526     0.965    0.9854    0.8414   0.01442   0.02161 0.0009848
    87/511     19.4G   0.01849   0.02086   0.00216   0.04151       201      1024    0.9509    0.9657    0.9853    0.8408   0.01443   0.02162  0.001001
    88/511     19.4G   0.01832    0.0205  0.002187   0.04101       114      1024    0.9533    0.9625    0.9853    0.8404   0.01445   0.02162  0.001018
    89/511     19.4G   0.01794   0.02062  0.002152   0.04071       132      1024    0.9531    0.9627    0.9852    0.8405   0.01445   0.02159  0.001032
    90/511     19.4G   0.01853   0.02081  0.002231   0.04157       100      1024     0.953    0.9627    0.9853     0.841   0.01442   0.02157  0.001046
    91/511     19.4G   0.01897   0.02082  0.002641   0.04243       130      1024    0.9537    0.9624    0.9854    0.8409    0.0145   0.02155  0.001052
    92/511     19.4G   0.01888   0.02076  0.002486   0.04212        59      1024     0.953    0.9627    0.9853    0.8403   0.01458   0.02155  0.001072
    93/511     19.4G     0.019   0.02093  0.002198   0.04213       104      1024    0.9462    0.9682    0.9853    0.8396   0.01462   0.02155  0.001121
    94/511     19.4G   0.01854   0.02084  0.002258   0.04163       156      1024    0.9464    0.9674    0.9853    0.8391   0.01463   0.02157   0.00114
    95/511     19.4G   0.01795   0.02053  0.001977   0.04046       106      1024    0.9525    0.9611    0.9853    0.8386   0.01464   0.02158  0.001151
    96/511     19.4G     0.018   0.02027  0.002107   0.04037       102      1024    0.9489    0.9645    0.9853    0.8384   0.01463   0.02159  0.001163
    97/511     19.4G   0.01906   0.02099  0.002295   0.04234        89      1024     0.947    0.9658    0.9853    0.8384   0.01464   0.02158  0.001161
    98/511     19.4G   0.01817   0.02052  0.001975   0.04067       101      1024    0.9469    0.9658    0.9854    0.8387   0.01464   0.02158  0.001156
    99/511     19.4G   0.01824   0.02048    0.0021   0.04082        91      1024    0.9524    0.9621    0.9855    0.8389   0.01462   0.02158  0.001115
   100/511     19.4G   0.01858   0.02091  0.002334   0.04182        71      1024     0.952    0.9624    0.9855    0.8394    0.0146   0.02157  0.001117
   101/511     19.4G   0.01976   0.02293  0.004707   0.04739       114      1024    0.9489    0.9653    0.9854    0.8395   0.01456   0.02156  0.001185
   102/511     19.4G   0.01974   0.02317  0.004279   0.04719       162      1024    0.9525    0.9533    0.9843    0.8373    0.0146   0.02145  0.001524
   103/511     19.4G   0.01931   0.02169  0.002995     0.044       117      1024    0.9471    0.9435    0.9826     0.835   0.01468   0.02133   0.00201
   104/511     19.4G   0.01889    0.0215  0.002741   0.04313        27      1024    0.9375    0.9323    0.9803    0.8325   0.01472   0.02124  0.002623
   105/511     19.4G   0.01863   0.02129  0.002604   0.04252        77      1024    0.9262      0.92    0.9779    0.8293   0.01475   0.02122  0.003285
   106/511     19.4G   0.01915   0.02081  0.002566   0.04253       101      1024    0.9245    0.9028    0.9756    0.8268   0.01479   0.02121  0.003842
   107/511     19.4G   0.01858     0.021  0.002423     0.042        85      1024    0.9142    0.8959    0.9737    0.8252   0.01485   0.02121  0.004322
   108/511     19.4G   0.01875   0.02088  0.002384   0.04201        72      1024    0.9149    0.8814     0.972    0.8233   0.01488   0.02121  0.004713
   109/511     19.4G   0.01872   0.02054  0.002197   0.04145        64      1024    0.8916    0.8954    0.9709    0.8222    0.0149   0.02121  0.004976
   110/511     19.4G   0.01854   0.02061  0.002145    0.0413        53      1024    0.8905    0.8892    0.9699    0.8211   0.01491   0.02121  0.005195
   111/511     19.4G   0.01814   0.02053  0.001964   0.04064        97      1024     0.892    0.8835    0.9694    0.8206   0.01494   0.02121  0.005297
   112/511     19.4G   0.01806   0.02029  0.001933   0.04029        74      1024    0.9004    0.8739    0.9691    0.8203   0.01494   0.02121  0.005355
   113/511     19.4G   0.01874   0.02057  0.001968   0.04128       126      1024    0.8955    0.8778     0.969    0.8204   0.01496    0.0212  0.005388
   114/511     19.4G   0.01858   0.02026  0.001957   0.04079        69      1024    0.8925    0.8811    0.9691    0.8209   0.01497    0.0212  0.005377
   115/511     19.4G   0.01824   0.02098  0.002368   0.04159       142      1024    0.9072    0.9029    0.9731    0.8244   0.01494   0.02113  0.004291
   116/511     19.4G     0.018   0.02063  0.002015   0.04065        49      1024    0.9178    0.9025    0.9741    0.8255   0.01493   0.02109  0.004023
   117/511     19.4G   0.01839   0.02073  0.002266   0.04139        75      1024    0.9233    0.9027    0.9748    0.8264   0.01493   0.02107  0.003873
   118/511     19.4G   0.01867   0.02053  0.002182   0.04138       139      1024    0.9262    0.9008     0.975    0.8262   0.01493   0.02107  0.003861
   119/511     19.4G   0.01903   0.02083  0.003057   0.04291        50      1024    0.9281       0.9    0.9752    0.8264   0.01493   0.02106  0.003873
   120/511     19.4G   0.01897   0.02079  0.002326   0.04208        44      1024    0.9299    0.8988    0.9752    0.8268    0.0149   0.02105  0.003888
   121/511     19.4G   0.01848   0.02022  0.002179   0.04087        91      1024    0.9235    0.9068    0.9755     0.827   0.01489   0.02105  0.003852
   122/511     19.4G   0.01798   0.02031  0.002017   0.04031        74      1024    0.9228    0.9098    0.9757    0.8273   0.01487   0.02103  0.003791
   123/511     19.4G    0.0175   0.02074  0.002279   0.04052        63      1024    0.9234    0.9131    0.9761    0.8279   0.01486   0.02103  0.003688
   124/511     19.4G   0.01925   0.02046  0.002554   0.04226        84      1024     0.921    0.9187    0.9765    0.8284   0.01494   0.02102  0.003615
   125/511     19.4G   0.01784   0.02035  0.002307    0.0405       116      1024    0.9247    0.9168    0.9767    0.8287   0.01495   0.02102  0.003571
   126/511     19.4G   0.01822   0.02047  0.002015   0.04071        80      1024    0.9223    0.9232    0.9772    0.8292   0.01498   0.02102  0.003462
   127/511     19.4G   0.01816   0.02034   0.00192   0.04041       172      1024    0.9281    0.9205    0.9775    0.8296   0.01499   0.02102  0.003372
   128/511     19.4G    0.0179   0.02043  0.001801   0.04014        93      1024    0.9312    0.9206    0.9779    0.8301   0.01498   0.02102  0.003274
   129/511     19.4G   0.01832   0.02047  0.002174   0.04096        55      1024    0.9332    0.9213    0.9783    0.8304   0.01496   0.02103  0.003199
   130/511     19.4G   0.01893    0.0206  0.002351   0.04188       193      1024    0.9362    0.9222    0.9787     0.831   0.01495   0.02103  0.003096
   131/511     19.4G   0.01812   0.02018  0.001857   0.04015       105      1024    0.9299    0.9315     0.979    0.8314   0.01493   0.02103  0.003004
   132/511     19.4G    0.0187   0.02042  0.002313   0.04143       114      1024    0.9374    0.9269    0.9791    0.8316   0.01494   0.02103  0.002962
   133/511     19.4G   0.01815   0.02038   0.00209   0.04062       110      1024    0.9312    0.9359    0.9794    0.8323   0.01492   0.02103  0.002861
   134/511     19.4G   0.01851   0.02055  0.002048   0.04111        96      1024    0.9353     0.936    0.9798    0.8327   0.01488   0.02104   0.00274
   135/511     19.4G   0.01743   0.02001  0.001855   0.03929        99      1024    0.9397    0.9352    0.9801    0.8332   0.01484   0.02104  0.002638
   136/511     19.4G   0.01785   0.02065  0.002181   0.04069        80      1024    0.9429    0.9329    0.9802     0.833   0.01489   0.02104  0.002643
   137/511     19.4G   0.01751   0.02008  0.001831   0.03942        64      1024    0.9366    0.9407    0.9805     0.833   0.01494   0.02104  0.002582
   138/511     19.4G   0.01788   0.02014     0.002   0.04002       142      1024    0.9502    0.9298    0.9807    0.8334   0.01494   0.02107  0.002522
   139/511     19.4G    0.0183   0.02026  0.001953   0.04052        84      1024    0.9466    0.9353     0.981     0.834   0.01492   0.02108  0.002454
   140/511     19.4G   0.01865   0.02044  0.002209    0.0413        67      1024    0.9459    0.9386    0.9813    0.8342   0.01493    0.0211  0.002378
   141/511     19.4G   0.01772    0.0207  0.002014   0.04043        95      1024    0.9488    0.9313    0.9808    0.8336   0.01493   0.02108   0.00252
   142/511     19.4G   0.01728   0.02006   0.00218   0.03952       130      1024    0.9523     0.928    0.9807    0.8333    0.0148   0.02109  0.002524
   143/511     19.4G   0.01661   0.01988  0.001804    0.0383       169      1024    0.9519    0.9291    0.9808    0.8336   0.01462   0.02111  0.002507
   144/511     19.4G   0.01748   0.01988  0.001836    0.0392        81      1024    0.9517    0.9297    0.9808    0.8338   0.01452   0.02112  0.002489
   145/511     19.4G   0.01795   0.02018  0.001959   0.04009       161      1024    0.9426    0.9396    0.9809    0.8338   0.01451   0.02113  0.002455
   146/511     19.4G   0.01842   0.02085  0.002612   0.04188       113      1024    0.9485    0.9333    0.9809    0.8337   0.01451   0.02112   0.00248
   147/511     19.4G   0.01844   0.02035  0.002031   0.04082       181      1024    0.9487    0.9348     0.981    0.8338   0.01451   0.02113  0.002445
   148/511     19.4G   0.01868   0.02047  0.002237   0.04138       108      1024    0.9533    0.9318    0.9812    0.8342    0.0145   0.02113  0.002402
   149/511     19.4G   0.01839   0.02048  0.002334    0.0412       118      1024    0.9471    0.9396    0.9814    0.8343   0.01449   0.02113  0.002361
   150/511     19.4G   0.01827   0.02029  0.002162   0.04072       118      1024    0.9524    0.9349    0.9816    0.8347    0.0145   0.02113  0.002326
   151/511     19.4G   0.01758      0.02  0.001865   0.03945        59      1024    0.9478    0.9406    0.9817     0.835   0.01449   0.02113  0.002293
   152/511     19.4G   0.01738   0.01988   0.00164    0.0389        67      1024     0.946    0.9439    0.9819    0.8351   0.01447   0.02114  0.002247
   153/511     19.4G    0.0176      0.02  0.001928   0.03953       106      1024    0.9478    0.9435    0.9822    0.8356   0.01445   0.02115  0.002197
   154/511     19.4G   0.01849   0.02049  0.002389   0.04136       101      1024    0.9465    0.9456    0.9823    0.8356   0.01443   0.02115  0.002179
   155/511     19.4G   0.01659   0.01979   0.00191   0.03829        82      1024     0.948    0.9455    0.9826    0.8358   0.01438   0.02116  0.002151
   156/511     19.4G    0.0191   0.02183  0.003304   0.04424       111      1024    0.9484    0.9463    0.9828    0.8362   0.01444   0.02118  0.002154
   157/511     19.4G   0.01868   0.02146  0.003019   0.04316        67      1024    0.9487    0.9465    0.9829    0.8364   0.01445   0.02119  0.002148
   158/511     19.4G   0.01796   0.02089  0.002174   0.04102       100      1024    0.9472    0.9484     0.983    0.8363   0.01444   0.02119   0.00214
   159/511     19.4G   0.01839   0.02031  0.002295   0.04099        58      1024    0.9485    0.9479    0.9831    0.8367   0.01446    0.0212  0.002133
   160/511     19.4G   0.01823   0.02036   0.00218   0.04077       133      1024    0.9479    0.9488    0.9831    0.8368   0.01446   0.02121  0.002132
   161/511     19.4G    0.0181   0.02026  0.001957   0.04032        71      1024     0.948     0.949    0.9832    0.8369   0.01444   0.02121  0.002126
   162/511     19.4G    0.0172   0.02003  0.001793   0.03903        91      1024     0.948    0.9496    0.9833    0.8372   0.01444   0.02121   0.00211
   163/511     19.4G   0.01726    0.0199  0.001842   0.03901        75      1024    0.9504    0.9477    0.9834    0.8373   0.01443   0.02122  0.002088
   164/511     19.4G   0.01851   0.02048   0.00246   0.04145       101      1024     0.948    0.9497    0.9834    0.8371   0.01442   0.02122  0.002095
   165/511     19.4G   0.01851   0.02069  0.002356   0.04156       105      1024    0.9504    0.9468    0.9833    0.8374   0.01442    0.0212  0.002113
   166/511     19.4G   0.01824   0.02028  0.002092   0.04062       134      1024    0.9455    0.9512    0.9833    0.8375   0.01443   0.02119  0.002127
   167/511     19.4G   0.01833    0.0202  0.001942   0.04047       115      1024     0.949    0.9475    0.9833    0.8374   0.01443   0.02119  0.002131
   168/511     19.4G   0.01751   0.02029  0.001763   0.03957       225      1024    0.9471    0.9499    0.9832    0.8376   0.01442   0.02119  0.002132
   169/511     19.4G   0.01785   0.01974  0.001853   0.03944        85      1024    0.9473      0.95    0.9833    0.8377   0.01443    0.0212  0.002122
   170/511     19.4G   0.01745   0.02006  0.001703   0.03922       163      1024    0.9496    0.9482    0.9833    0.8377   0.01444   0.02121  0.002108
   171/511     19.4G   0.01784   0.02021  0.002076   0.04012       170      1024    0.9502    0.9484    0.9834    0.8378   0.01443   0.02122   0.00208
   172/511     19.4G   0.01771   0.01977  0.001729   0.03921        65      1024    0.9503    0.9495    0.9835     0.838   0.01441   0.02123  0.002041
   173/511     19.4G   0.01755   0.01977  0.001628   0.03895        96      1024    0.9507      0.95    0.9836    0.8382   0.01444   0.02124  0.002004
   174/511     19.4G   0.01792    0.0198  0.001693   0.03941        51      1024    0.9486    0.9528    0.9837    0.8383   0.01443   0.02125  0.001972
   175/511     19.4G   0.01824    0.0198  0.001942   0.03999        93      1024    0.9522    0.9506    0.9839    0.8385   0.01443   0.02127   0.00194
   176/511     19.4G   0.01734   0.01969  0.001534   0.03855       129      1024    0.9503    0.9533     0.984    0.8386    0.0144   0.02129  0.001898
   177/511     19.4G   0.01802   0.01982  0.001761    0.0396       178      1024    0.9497    0.9547    0.9841    0.8389   0.01439    0.0213  0.001861
   178/511     19.4G   0.01762    0.0203  0.002048   0.03997        91      1024    0.9492    0.9557    0.9841    0.8386   0.01438    0.0213  0.001847
   179/511     19.4G   0.01836   0.02154  0.003331   0.04323        94      1024    0.9509    0.9488    0.9835    0.8375   0.01437   0.02124  0.001989
   180/511     19.4G   0.01813   0.02152  0.002998   0.04265       107      1024    0.9452    0.9497    0.9829    0.8367   0.01439   0.02119  0.002166
   181/511     19.4G   0.01794   0.02047  0.002114   0.04052       115      1024    0.9487    0.9443    0.9827    0.8363    0.0144   0.02117   0.00221
   182/511     19.4G   0.01756   0.02044  0.002037   0.04004       103      1024     0.944    0.9476    0.9826    0.8361   0.01442   0.02116  0.002231
   183/511     19.4G   0.01766   0.01999  0.001852    0.0395       159      1024    0.9481    0.9442    0.9826    0.8362    0.0144   0.02119  0.002218
   184/511     19.4G   0.01837   0.02012  0.002036   0.04052        93      1024    0.9475    0.9441    0.9826    0.8362   0.01439    0.0212  0.002215
   185/511     19.4G   0.01774   0.01995   0.00179   0.03948        68      1024    0.9437    0.9477    0.9826    0.8362   0.01441   0.02122    0.0022
   186/511     19.4G   0.01763   0.01995   0.00171   0.03929        74      1024     0.949    0.9428    0.9827    0.8362   0.01442   0.02123  0.002181
   187/511     19.4G   0.01775   0.01987    0.0017   0.03932       120      1024    0.9534    0.9391    0.9827    0.8362   0.01446   0.02125  0.002158
   188/511     19.4G   0.01827   0.01975  0.001991   0.04001       137      1024    0.9532    0.9398    0.9828    0.8361   0.01446   0.02126  0.002137
   189/511     19.4G   0.01746   0.01998  0.001754   0.03919        49      1024    0.9513    0.9426    0.9829    0.8364   0.01445   0.02128  0.002112
   190/511     19.4G   0.01764   0.01979  0.002013   0.03944       126      1024    0.9529    0.9417     0.983    0.8366   0.01445    0.0213  0.002079
   191/511     19.4G   0.01809   0.02045  0.002204   0.04075        61      1024    0.9529    0.9407    0.9829    0.8362   0.01445    0.0213    0.0021
   192/511     19.4G   0.01769   0.02004  0.002009   0.03974        80      1024    0.9503    0.9434    0.9829    0.8363   0.01447   0.02131  0.002087
   193/511     19.4G   0.01779    0.0197  0.001788   0.03928       122      1024    0.9526    0.9423     0.983    0.8363   0.01448   0.02132  0.002055
   194/511     19.4G   0.01785   0.01999  0.001827   0.03967        62      1024    0.9536    0.9427    0.9831    0.8365   0.01449   0.02133  0.002016
   195/511     19.4G   0.01786   0.02018  0.002033   0.04007        97      1024    0.9499    0.9469    0.9831    0.8368   0.01447   0.02134  0.001998
   196/511     19.4G    0.0182   0.02017  0.002275   0.04065       156      1024    0.9473    0.9498    0.9831    0.8368   0.01447   0.02134   0.00199
   197/511     19.4G   0.01764   0.01983  0.001788   0.03926        92      1024    0.9485    0.9496    0.9832    0.8368   0.01445   0.02135  0.001961
   198/511     19.4G   0.01829   0.01959  0.001813    0.0397        78      1024    0.9487    0.9503    0.9833    0.8369   0.01442   0.02137   0.00193
   199/511     19.4G   0.01738   0.01966  0.001608   0.03865       106      1024    0.9534    0.9469    0.9834    0.8374   0.01443   0.02138  0.001888
   200/511     19.4G   0.01741    0.0194  0.001569   0.03838       113      1024    0.9532     0.948    0.9836    0.8375   0.01439    0.0214  0.001844
   201/511     19.4G   0.01805   0.01971  0.001804   0.03957       120      1024    0.9507    0.9514    0.9837    0.8378   0.01437   0.02142  0.001806
   202/511     19.4G   0.01723   0.01972  0.001562   0.03851       109      1024    0.9518     0.952    0.9839    0.8381   0.01434   0.02144  0.001761
   203/511     19.4G   0.01753   0.01955  0.001594   0.03867       133      1024    0.9535    0.9516    0.9841    0.8387   0.01432   0.02146  0.001713
   204/511     19.4G    0.0167   0.01952  0.001376    0.0376        77      1024    0.9547    0.9514    0.9843    0.8389   0.01428   0.02148  0.001669
   205/511     19.4G   0.01762   0.01974  0.001682   0.03904        65      1024    0.9548     0.952    0.9844    0.8394   0.01425    0.0215  0.001628
   206/511     19.4G   0.01741   0.01959   0.00166   0.03866        47      1024    0.9561    0.9511    0.9845    0.8397   0.01423   0.02151  0.001592
   207/511     19.4G   0.01813   0.01992  0.001806   0.03985       197      1024     0.957    0.9511    0.9846      0.84    0.0142   0.02153  0.001556
   208/511     19.4G   0.01722   0.01976  0.001653   0.03863        93      1024    0.9573    0.9516    0.9848    0.8404   0.01416   0.02155  0.001518
   209/511     19.4G   0.01589    0.0193  0.001479   0.03666       176      1024    0.9541    0.9553    0.9849    0.8407   0.01407   0.02157  0.001477
   210/511     19.4G   0.01768   0.01941  0.001711   0.03881       223      1024    0.9541    0.9561     0.985    0.8413   0.01407   0.02159   0.00144
   211/511     19.4G   0.01656   0.01941  0.001491   0.03745        30      1024    0.9561    0.9554    0.9852    0.8416   0.01399   0.02161  0.001405
   212/511     19.4G   0.01603   0.01899  0.001561   0.03658        93      1024    0.9583    0.9539    0.9853    0.8418   0.01381   0.02164  0.001375
   213/511     19.4G   0.01614   0.01926  0.001481   0.03688       110      1024    0.9546    0.9589    0.9854    0.8423    0.0137   0.02166  0.001349
   214/511     19.4G   0.01585   0.01899  0.001415   0.03625        80      1024    0.9559     0.959    0.9855    0.8427   0.01365   0.02168  0.001327
   215/511     19.4G   0.01608   0.01923  0.001422   0.03673        97      1024    0.9569    0.9583    0.9855    0.8431   0.01364   0.02168  0.001309
   216/511     19.4G   0.01663   0.01879  0.001541   0.03696       148      1024    0.9564     0.959    0.9856    0.8432   0.01366   0.02169  0.001285
   217/511     19.4G   0.01722   0.01916  0.001626   0.03801       120      1024    0.9566    0.9589    0.9857    0.8433   0.01365   0.02171  0.001265
   218/511     19.4G   0.01731   0.01921  0.001666   0.03819       128      1024    0.9573    0.9583    0.9858    0.8437   0.01364   0.02172  0.001245
   219/511     19.4G   0.01794   0.01959  0.001835   0.03937        98      1024    0.9609    0.9554    0.9858    0.8438   0.01362   0.02172  0.001228
   220/511     19.4G   0.01779   0.01946  0.001715   0.03896        90      1024    0.9616    0.9548    0.9859    0.8442    0.0136   0.02173  0.001214
   221/511     19.4G   0.01737   0.01956  0.001621   0.03855       134      1024    0.9615    0.9553    0.9859    0.8443   0.01359   0.02174  0.001199
   222/511     19.4G    0.0178   0.01915  0.001655   0.03861       111      1024    0.9615    0.9557     0.986    0.8446   0.01358   0.02175  0.001181
   223/511     19.4G   0.01737   0.01932  0.001815   0.03851       104      1024    0.9616     0.956    0.9861    0.8447   0.01357   0.02175  0.001164
   224/511     19.4G   0.01805   0.01989  0.001998   0.03993        60      1024    0.9568    0.9594    0.9859    0.8438   0.01357   0.02175   0.00121
   225/511     19.4G   0.01838   0.01949  0.001967   0.03984       137      1024    0.9566     0.959    0.9858    0.8432   0.01357   0.02176  0.001278
   226/511     19.4G   0.01801   0.01917  0.001808   0.03898        38      1024    0.9546    0.9587    0.9857    0.8429   0.01359   0.02175   0.00133
   227/511     19.4G   0.01748   0.01954  0.001609   0.03864       171      1024    0.9547    0.9567    0.9856    0.8423   0.01358   0.02176  0.001375
   228/511     19.4G   0.01763   0.01897   0.00159   0.03819        54      1024     0.957    0.9538    0.9856    0.8421   0.01357   0.02177  0.001416
   229/511     19.4G   0.01793   0.01973  0.001837    0.0395        50      1024    0.9506    0.9586    0.9855    0.8421   0.01357   0.02177  0.001452
   230/511     19.4G   0.01752   0.01941  0.001928   0.03886        92      1024    0.9539    0.9548    0.9855    0.8421   0.01355   0.02177  0.001475
   231/511     19.4G   0.01759   0.01953  0.001658   0.03878        76      1024    0.9504    0.9577    0.9855    0.8422   0.01354   0.02178  0.001493
   232/511     19.4G   0.01844   0.01996  0.002296   0.04069       121      1024    0.9493    0.9584    0.9854    0.8421   0.01353   0.02176  0.001485
   233/511     19.4G   0.01795   0.01974  0.001887   0.03958       142      1024    0.9536    0.9554    0.9854    0.8419   0.01352   0.02176  0.001445
   234/511     19.4G   0.01795   0.01975  0.001852   0.03955       199      1024    0.9574    0.9523    0.9855    0.8419   0.01351   0.02176  0.001419
   235/511     19.4G   0.01814   0.01937  0.001839   0.03934       143      1024    0.9571    0.9538    0.9855    0.8421    0.0135   0.02176  0.001392
   236/511     19.4G   0.01739   0.01968   0.00184   0.03891        75      1024    0.9573    0.9544    0.9856    0.8421    0.0135   0.02176   0.00137
   237/511     19.4G    0.0177    0.0195  0.001875   0.03908       168      1024    0.9577    0.9551    0.9857     0.842   0.01349   0.02175  0.001353
   238/511     19.4G    0.0179   0.01959  0.002063   0.03955       124      1024    0.9604    0.9528    0.9857    0.8422   0.01349   0.02174  0.001344
   239/511     19.4G   0.01837    0.0195  0.002017   0.03988        58      1024    0.9581    0.9549    0.9858    0.8424   0.01347   0.02174  0.001332
   240/511     19.4G   0.01762   0.01936  0.001707   0.03868       100      1024     0.956    0.9573    0.9859    0.8425   0.01344   0.02175  0.001314
   241/511     19.4G   0.01777   0.01945  0.001706   0.03892       116      1024    0.9564    0.9572    0.9859    0.8426   0.01343   0.02175  0.001299
   242/511     19.4G   0.01754   0.01947  0.001653   0.03866       145      1024    0.9564    0.9579     0.986    0.8428   0.01342   0.02176  0.001272
   243/511     19.4G   0.01704   0.01916  0.001651   0.03785       101      1024    0.9579     0.957    0.9861    0.8427   0.01342   0.02177  0.001246
   244/511     19.4G   0.01682   0.01891  0.001604   0.03733       127      1024    0.9581    0.9574    0.9861    0.8429   0.01345   0.02177   0.00122
   245/511     19.4G   0.01587   0.01889  0.001304   0.03606       107      1024    0.9589     0.957    0.9862    0.8432   0.01353   0.02178  0.001194
   246/511     19.4G   0.01731   0.01897  0.001602   0.03788       101      1024    0.9579    0.9587    0.9863    0.8432   0.01351   0.02179   0.00117
   247/511     19.4G   0.01798   0.01914  0.001749   0.03887       149      1024    0.9589    0.9583    0.9864    0.8435   0.01349    0.0218  0.001145
   248/511     19.4G   0.01769   0.01922  0.001697    0.0386       111      1024    0.9542    0.9636    0.9864    0.8437   0.01348    0.0218  0.001123
   249/511     19.4G    0.0175   0.01919  0.001703   0.03839        74      1024    0.9571    0.9614    0.9865    0.8439   0.01346   0.02182  0.001102
   250/511     19.4G   0.01775   0.01877  0.001644   0.03816        92      1024     0.958     0.961    0.9865    0.8441   0.01344   0.02183  0.001082
   251/511     19.4G   0.01756   0.01919  0.001771   0.03852       107      1024    0.9601    0.9591    0.9866    0.8442   0.01343   0.02183  0.001062
   252/511     19.4G   0.01793   0.01927  0.001966   0.03916       148      1024    0.9574    0.9621    0.9867    0.8443    0.0134   0.02183   0.00104
   253/511     19.4G   0.01766   0.01914  0.001643   0.03844       105      1024    0.9577     0.962    0.9867    0.8447   0.01338   0.02184  0.001021
   254/511     19.4G   0.01835   0.01941  0.001878   0.03964        32      1024     0.959     0.961    0.9867    0.8448   0.01336   0.02185  0.001007
   255/511     19.4G   0.01768    0.0198  0.002075   0.03955        97      1024    0.9585     0.962    0.9868     0.845   0.01334   0.02186 0.0009918
   256/511     19.4G   0.01836   0.01996  0.002186    0.0405       150      1024    0.9596     0.962    0.9868    0.8451   0.01332   0.02186 0.0009749
   257/511     19.4G   0.01793   0.01984  0.002289   0.04006        82      1024    0.9605    0.9608    0.9869    0.8453    0.0133   0.02186 0.0009791
   258/511     19.4G   0.01821   0.01948  0.002025   0.03971       123      1024    0.9607    0.9605    0.9869    0.8451   0.01329   0.02187 0.0009856
   259/511     19.4G   0.01827   0.01988  0.002084   0.04024       118      1024    0.9595    0.9616    0.9869    0.8452   0.01328   0.02187 0.0009926
   260/511     19.4G   0.01741   0.01916  0.001784   0.03835        48      1024    0.9623    0.9584    0.9869    0.8454   0.01327   0.02188 0.0009918
   261/511     19.4G   0.01788    0.0192  0.001819    0.0389       130      1024    0.9625    0.9586    0.9869    0.8454   0.01327   0.02189 0.0009867
   262/511     19.4G   0.01728   0.01895  0.001519   0.03775       116      1024    0.9623    0.9588    0.9869    0.8453   0.01326   0.02189 0.0009799
   263/511     19.4G   0.01738   0.01901  0.001607     0.038       134      1024    0.9624    0.9586    0.9869    0.8457   0.01325   0.02189 0.0009732
   264/511     19.4G   0.01759   0.01921  0.001763   0.03856        81      1024    0.9624    0.9589    0.9869    0.8457   0.01323    0.0219 0.0009647
   265/511     19.4G   0.01732   0.01911  0.001576     0.038       126      1024    0.9629    0.9586     0.987    0.8456   0.01322    0.0219 0.0009566
   266/511     19.4G   0.01744   0.01924  0.001728   0.03841        61      1024    0.9627    0.9588     0.987    0.8455   0.01321    0.0219 0.0009474
   267/511     19.4G   0.01712   0.01928  0.001635   0.03804        92      1024    0.9641    0.9575     0.987    0.8455    0.0132   0.02191 0.0009427
   268/511     19.4G   0.01744    0.0191  0.001739   0.03828       142      1024    0.9622    0.9593     0.987    0.8456   0.01319   0.02192 0.0009398
   269/511     19.4G   0.01741   0.01951  0.001866   0.03878       124      1024    0.9639    0.9576     0.987    0.8459   0.01318   0.02193 0.0009324
   270/511     19.4G   0.01722    0.0191  0.001767   0.03808        94      1024    0.9623     0.959     0.987     0.846   0.01317   0.02194 0.0009228
   271/511     19.4G   0.01721   0.01923  0.001617   0.03806        80      1024    0.9633    0.9583    0.9871    0.8461   0.01316   0.02193 0.0009131
   272/511     19.4G   0.01713    0.0192  0.001683   0.03801       104      1024    0.9637    0.9582    0.9871    0.8462   0.01314   0.02195 0.0009007
   273/511     19.4G   0.01747   0.01934  0.001932   0.03875       113      1024    0.9623    0.9598    0.9871    0.8466   0.01314   0.02196  0.000895
   274/511     19.4G   0.01735   0.01926  0.001756   0.03837       115      1024    0.9622    0.9598    0.9871    0.8465   0.01313   0.02198 0.0008869
   275/511     19.4G   0.01702   0.01922  0.001691   0.03793       134      1024    0.9619      0.96    0.9872    0.8467   0.01313   0.02199 0.0008785
   276/511     19.4G   0.01728   0.01896  0.001773   0.03801        41      1024    0.9561    0.9662    0.9872    0.8468   0.01311   0.02199 0.0008713
   277/511     19.4G   0.01716   0.01889  0.001493   0.03755       165      1024    0.9579    0.9647    0.9872    0.8468   0.01311   0.02199 0.0008621
   278/511     19.4G   0.01732   0.01884  0.001684   0.03785        91      1024    0.9583    0.9648    0.9873     0.847   0.01309     0.022  0.000851
   279/511     19.4G   0.01689   0.01895  0.001428   0.03727       127      1024    0.9574     0.966    0.9873    0.8471   0.01309   0.02202 0.0008387
   280/511     19.4G   0.01739   0.01941  0.001851   0.03865        86      1024    0.9591    0.9629    0.9872     0.847   0.01307   0.02204 0.0009103
   281/511     19.4G   0.01807   0.01903  0.001855   0.03895        86      1024    0.9527    0.9665     0.987    0.8469   0.01306   0.02205 0.0009888
   282/511     19.4G   0.01715   0.01927  0.001682    0.0381        71      1024    0.9573    0.9592     0.987    0.8467   0.01305   0.02206  0.001049
   283/511     19.4G   0.01703   0.01901  0.001523   0.03757       146      1024    0.9494    0.9657    0.9869    0.8465   0.01305   0.02207  0.001088
   284/511     19.4G   0.01677   0.01879   0.00144     0.037        82      1024    0.9485    0.9652    0.9869    0.8465   0.01304   0.02207  0.001112
   285/511     19.4G   0.01743   0.01872  0.001673   0.03782       167      1024    0.9454    0.9678    0.9869    0.8466   0.01303   0.02209  0.001124
   286/511     19.4G   0.01748   0.01868  0.001664   0.03783       101      1024    0.9476    0.9657    0.9869    0.8468   0.01302   0.02209   0.00113
   287/511     19.4G   0.01705    0.0187  0.001512   0.03727       195      1024     0.947    0.9659    0.9869    0.8468   0.01301   0.02209  0.001128
   288/511     19.4G   0.01709   0.01896  0.001593   0.03765       120      1024    0.9449    0.9681     0.987    0.8467     0.013   0.02209  0.001127
   289/511     19.4G   0.01741   0.01925   0.00183   0.03849        47      1024    0.9454    0.9682     0.987    0.8466     0.013    0.0221  0.001119
   290/511     19.4G   0.01757   0.01912  0.001963   0.03865       107      1024    0.9591    0.9544     0.987    0.8466   0.01299    0.0221  0.001118
   291/511     19.4G   0.01708   0.01918  0.001757   0.03801        47      1024    0.9504    0.9634     0.987    0.8468   0.01297   0.02211  0.001114
   292/511     19.4G   0.01632   0.01901   0.00137    0.0367       244      1024    0.9514     0.963    0.9871    0.8468   0.01296   0.02211  0.001105
   293/511     19.4G   0.01622   0.01884    0.0014   0.03646       138      1024     0.952    0.9633    0.9871    0.8469   0.01295   0.02211  0.001084
   294/511     19.4G    0.0167   0.01879  0.001548   0.03704       110      1024    0.9525    0.9632    0.9872    0.8471   0.01293   0.02212  0.001069
   295/511     19.4G    0.0172   0.01933  0.001885   0.03842        80      1024    0.9519     0.964    0.9872    0.8468   0.01293   0.02213  0.001066
   296/511     19.4G   0.01697   0.01948  0.001995   0.03844        99      1024    0.9561    0.9607    0.9872    0.8468   0.01291   0.02214  0.001054
   297/511     19.4G   0.01714   0.01891  0.001617   0.03767        93      1024    0.9568    0.9609    0.9872    0.8467    0.0129   0.02214  0.001031
   298/511     19.4G   0.01751   0.01911   0.00191   0.03852        90      1024    0.9565    0.9612    0.9873    0.8468   0.01289   0.02214  0.001022
   299/511     19.4G   0.01697   0.01863  0.001491   0.03709       126      1024    0.9592    0.9585    0.9873    0.8467   0.01289   0.02214   0.00103
   300/511     19.4G   0.01694   0.01873  0.001478   0.03715        88      1024    0.9604     0.957    0.9872    0.8467   0.01289   0.02215  0.001035
   301/511     19.4G   0.01644   0.01893  0.001528    0.0369       103      1024    0.9584     0.959    0.9873    0.8468   0.01288   0.02216  0.001036
   302/511     19.4G   0.01688   0.01893  0.001561   0.03737        67      1024     0.958    0.9599    0.9873    0.8468   0.01287   0.02217  0.001034
   303/511     19.4G   0.01681   0.01886  0.001595   0.03726       143      1024    0.9584    0.9596    0.9873    0.8472   0.01286   0.02218  0.001027
   304/511     19.4G   0.01671   0.01884  0.001365   0.03691        57      1024    0.9582      0.96    0.9873    0.8471   0.01285   0.02217   0.00102
   305/511     19.4G   0.01685    0.0184  0.001379   0.03663        99      1024    0.9592    0.9595    0.9874    0.8473   0.01284   0.02218  0.001012
   306/511     19.4G   0.01682   0.01883  0.001479   0.03713       109      1024    0.9594    0.9595    0.9874    0.8472   0.01283   0.02218  0.001004
   307/511     19.4G   0.01692   0.01875  0.001561   0.03723       102      1024    0.9629    0.9564    0.9874    0.8474   0.01281   0.02219 0.0009972
   308/511     19.4G   0.01685   0.01897  0.001572   0.03739        75      1024    0.9628    0.9567    0.9874    0.8477    0.0128   0.02219 0.0009924
   309/511     19.4G   0.01676    0.0188  0.001738    0.0373       109      1024    0.9624     0.957    0.9875    0.8477   0.01279    0.0222 0.0009905
   310/511     19.4G   0.01733   0.01867  0.001801    0.0378        80      1024     0.962    0.9577    0.9875    0.8479   0.01278   0.02219 0.0009927
   311/511     19.4G   0.01722   0.01908  0.001778   0.03808        80      1024    0.9611    0.9579    0.9874    0.8476   0.01277    0.0222  0.001019
   312/511     19.4G   0.01669   0.01898  0.001685   0.03735       153      1024    0.9606     0.958    0.9874    0.8476   0.01277   0.02221  0.001038
   313/511     19.4G   0.01678   0.01889  0.001652   0.03732       138      1024    0.9569    0.9597    0.9873    0.8478   0.01276   0.02221  0.001072
   314/511     19.4G   0.01662   0.01878  0.001484   0.03688       123      1024    0.9557    0.9602    0.9874    0.8478   0.01275   0.02222  0.001089
   315/511     19.4G   0.01634   0.01901  0.001411   0.03676        60      1024    0.9507     0.963    0.9873     0.848   0.01274   0.02222  0.001129
   316/511     19.4G   0.01677   0.01885  0.001521   0.03713        52      1024    0.9561    0.9563    0.9873     0.848   0.01273   0.02221  0.001163
   317/511     19.4G   0.01674   0.01876  0.001638   0.03714       126      1024    0.9475    0.9635    0.9873    0.8483    0.0127   0.02221  0.001178
   318/511     19.4G    0.0163   0.01876  0.001545    0.0366       170      1024    0.9474    0.9633    0.9874    0.8485   0.01269   0.02222  0.001181
   319/511     19.4G   0.01669   0.01855  0.001593   0.03683        52      1024    0.9483    0.9624    0.9874    0.8488   0.01267   0.02222  0.001177
   320/511     19.4G   0.01648   0.01888  0.001604   0.03696       130      1024    0.9566    0.9543    0.9874    0.8493   0.01265   0.02222  0.001169
   321/511     19.4G   0.01727   0.01876  0.001696   0.03773       109      1024    0.9491    0.9626    0.9874    0.8497   0.01263   0.02222  0.001153
   322/511     19.4G   0.01704    0.0188  0.001576   0.03742       110      1024    0.9503    0.9622    0.9875    0.8501    0.0126   0.02221  0.001139
   323/511     19.4G   0.01598   0.01876  0.001516   0.03626       124      1024    0.9496    0.9634    0.9875    0.8508   0.01258   0.02221  0.001123
   324/511     19.4G    0.0169   0.01867   0.00162   0.03719        83      1024    0.9499    0.9637    0.9875     0.851   0.01256   0.02221  0.001106
   325/511     19.4G   0.01678   0.01864  0.001459   0.03688       151      1024    0.9525    0.9612    0.9876    0.8516   0.01254   0.02221   0.00109
   326/511     19.4G   0.01664   0.01846  0.001315   0.03641        91      1024    0.9552    0.9595    0.9876    0.8517   0.01252   0.02221  0.001067
   327/511     19.4G   0.01626   0.01833  0.001297   0.03589       111      1024    0.9554      0.96    0.9877    0.8521    0.0125   0.02221  0.001047
   328/511     19.4G   0.01667   0.01852  0.001359   0.03655       107      1024    0.9584    0.9577    0.9878    0.8526   0.01248   0.02221  0.001031
   329/511     19.4G   0.01649   0.01861  0.001501   0.03659        94      1024    0.9565    0.9607    0.9878    0.8531   0.01245   0.02221  0.001019
   330/511     19.4G   0.01675    0.0188  0.001658   0.03721       121      1024    0.9573    0.9601    0.9879    0.8536   0.01243   0.02221  0.001006
   331/511     19.4G   0.01641    0.0186  0.001551   0.03656       136      1024    0.9559    0.9623    0.9879    0.8541    0.0124    0.0222 0.0009916
   332/511     19.4G   0.01685   0.01874  0.001827   0.03741       106      1024    0.9564    0.9635    0.9879    0.8541    0.0124    0.0222 0.0009528
   333/511     19.4G   0.01606   0.01837  0.001349   0.03579        76      1024    0.9591    0.9614     0.988    0.8542   0.01237    0.0222 0.0009188
   334/511     19.4G   0.01647   0.01846  0.001294   0.03623       151      1024    0.9589    0.9625    0.9881     0.855   0.01235    0.0222  0.000891
   335/511     19.4G   0.01639   0.01837  0.001307   0.03606        61      1024    0.9594    0.9628    0.9881    0.8556   0.01232   0.02219 0.0008638
   336/511     19.4G   0.01613   0.01845  0.001254   0.03583        32      1024    0.9619    0.9608    0.9882    0.8562    0.0123   0.02219 0.0008434
   337/511     19.4G   0.01708   0.01917  0.002126   0.03837        68      1024    0.9602    0.9637    0.9882    0.8566   0.01228   0.02218 0.0008275
   338/511     19.4G   0.01705   0.01899  0.001787   0.03782       121      1024    0.9621    0.9631    0.9883    0.8572   0.01225   0.02218 0.0008016
   339/511     19.4G   0.01614   0.01872   0.00144    0.0363       153      1024    0.9611    0.9646    0.9883    0.8574   0.01223   0.02217   0.00078
   340/511     19.4G   0.01617   0.01872   0.00146   0.03635        81      1024    0.9613    0.9648    0.9883    0.8577   0.01222   0.02216 0.0007614
   341/511     19.4G   0.01641    0.0186  0.001315   0.03633       115      1024    0.9621    0.9642    0.9884    0.8578    0.0122   0.02216 0.0007465
   342/511     19.4G   0.01583   0.01852  0.001175   0.03553        68      1024    0.9609    0.9665    0.9884    0.8584   0.01219   0.02216 0.0007296
   343/511     19.4G   0.01643   0.01848  0.001317   0.03622        94      1024    0.9613    0.9671    0.9885    0.8586   0.01217   0.02216 0.0007152
   344/511     19.4G   0.01672   0.01854  0.001662   0.03693       105      1024    0.9626    0.9663    0.9885    0.8589   0.01216   0.02216 0.0007016
   345/511     19.4G   0.01593   0.01808   0.00125   0.03526        78      1024    0.9626    0.9667    0.9886    0.8593   0.01214   0.02215 0.0006879
   346/511     19.4G   0.01603   0.01826  0.001368   0.03566        75      1024    0.9624    0.9672    0.9886    0.8597   0.01212   0.02215 0.0006752
   347/511     19.4G   0.01601   0.01879   0.00168   0.03648       134      1024    0.9628    0.9672    0.9886    0.8602    0.0121   0.02213  0.000665
   348/511     19.4G   0.01594   0.01859  0.001282   0.03582       200      1024    0.9629    0.9674    0.9887    0.8605   0.01207   0.02212 0.0006565
   349/511     19.4G   0.01591   0.01829  0.001237   0.03544       182      1024     0.963    0.9677    0.9887     0.861   0.01205   0.02212 0.0006488
   350/511     19.4G   0.01607    0.0184  0.001261   0.03574        94      1024    0.9641    0.9667    0.9887    0.8613   0.01204   0.02212 0.0006415
   351/511     19.4G   0.01567   0.01812   0.00104   0.03483        85      1024     0.966    0.9649    0.9888    0.8618   0.01202   0.02211 0.0006341
   352/511     19.4G   0.01613    0.0182  0.001303   0.03563       102      1024     0.966    0.9653    0.9888    0.8621     0.012   0.02211 0.0006258
   353/511     19.4G   0.01632    0.0184  0.001354   0.03607        67      1024    0.9642    0.9676    0.9888    0.8624   0.01198    0.0221 0.0006196
   354/511     19.4G   0.01686   0.01861  0.001824   0.03729       115      1024    0.9663    0.9656    0.9889     0.863   0.01196   0.02209 0.0006136
   355/511     19.4G   0.01596   0.01835  0.001338   0.03565       177      1024    0.9659    0.9663    0.9889    0.8633   0.01194   0.02207 0.0006081
   356/511     19.4G   0.01562   0.01825  0.001166   0.03504       122      1024    0.9647    0.9679     0.989    0.8641   0.01191   0.02207 0.0006023
   357/511     19.4G   0.01609   0.01823  0.001324   0.03564       121      1024    0.9646    0.9682     0.989    0.8645    0.0119   0.02206 0.0005981
   358/511     19.4G   0.01651   0.01888  0.001637   0.03703        70      1024    0.9651    0.9674     0.989    0.8652   0.01187   0.02203 0.0006014
   359/511     19.4G   0.01573   0.01817  0.001229   0.03513       115      1024    0.9681    0.9645     0.989    0.8655   0.01184   0.02202 0.0006073
   360/511     19.4G   0.01604   0.01796  0.001258   0.03526        54      1024     0.968    0.9647     0.989     0.866   0.01182   0.02201 0.0006096
   361/511     19.4G   0.01531   0.01819  0.001055   0.03456        84      1024    0.9681    0.9646     0.989    0.8663    0.0118     0.022 0.0006112
   362/511     19.4G   0.01604   0.01845  0.001193   0.03569        80      1024    0.9681    0.9646     0.989    0.8667   0.01178   0.02199 0.0006123
   363/511     19.4G   0.01638   0.01838  0.001293   0.03606       138      1024    0.9687    0.9641     0.989     0.867   0.01175   0.02197 0.0006114
   364/511     19.4G   0.01574   0.01824  0.001257   0.03524        83      1024    0.9679     0.965     0.989    0.8676   0.01173   0.02196 0.0006094
   365/511     19.4G   0.01607   0.01806  0.001315   0.03545       140      1024    0.9656    0.9674     0.989    0.8677   0.01171   0.02195 0.0006071
   366/511     19.4G   0.01547   0.01815  0.001252   0.03488       116      1024    0.9674    0.9658    0.9891    0.8682    0.0117   0.02194 0.0006057
   367/511     19.4G   0.01576   0.01815  0.001207   0.03512       119      1024    0.9676    0.9659    0.9891    0.8688   0.01168   0.02194 0.0006028
   368/511     19.4G   0.01584   0.01813  0.001172   0.03515       166      1024    0.9666    0.9669    0.9892    0.8691   0.01166   0.02194 0.0005986
   369/511     19.4G   0.01592   0.01831  0.001416   0.03565       116      1024    0.9678     0.966    0.9891    0.8692   0.01164   0.02193 0.0005944
   370/511     19.4G   0.01602    0.0181   0.00138    0.0355        38      1024    0.9659     0.968    0.9892    0.8698   0.01163   0.02192 0.0005888
   371/511     19.4G   0.01587   0.01824   0.00128   0.03539        99      1024    0.9666    0.9677    0.9892      0.87   0.01161   0.02191 0.0005832
   372/511     19.4G   0.01598   0.01833  0.001419   0.03573        52      1024    0.9678    0.9667    0.9892    0.8702   0.01159    0.0219 0.0005801
   373/511     19.4G   0.01591   0.01806  0.001171   0.03514       119      1024    0.9669    0.9681    0.9893    0.8705   0.01157   0.02188 0.0005757
   374/511     19.4G   0.01586   0.01811  0.001143   0.03511        78      1024    0.9672    0.9684    0.9893    0.8711   0.01156   0.02188 0.0005716
   375/511     19.4G   0.01561   0.01816  0.001112   0.03489        98      1024    0.9673    0.9686    0.9893    0.8715   0.01154   0.02187 0.0005671
   376/511     19.4G   0.01597   0.01812  0.001231   0.03532       138      1024    0.9677    0.9683    0.9893    0.8716   0.01153   0.02186 0.0005634
   377/511     19.4G    0.0156   0.01807   0.00109   0.03476        65      1024    0.9679    0.9681    0.9894    0.8719   0.01151   0.02186 0.0005592
   378/511     19.4G   0.01593   0.01785   0.00115   0.03493        28      1024     0.968    0.9684    0.9894    0.8721    0.0115   0.02185 0.0005553
   379/511     19.4G   0.01577   0.01775  0.001106   0.03462        92      1024    0.9675    0.9691    0.9894    0.8723   0.01149   0.02186 0.0005525
   380/511     19.4G    0.0156   0.01796  0.001143    0.0347        46      1024    0.9683    0.9681    0.9894    0.8724   0.01148   0.02184 0.0005497
   381/511     19.4G   0.01577   0.01785  0.001176   0.03479        91      1024    0.9664    0.9701    0.9895    0.8726   0.01146   0.02184 0.0005469
   382/511     19.4G   0.01581   0.01794  0.001076   0.03482        86      1024    0.9665    0.9701    0.9895    0.8727   0.01145   0.02184 0.0005439
   383/511     19.4G   0.01585   0.01772  0.001166   0.03473       200      1024    0.9661    0.9707    0.9895     0.873   0.01144   0.02183 0.0005408
   384/511     19.4G   0.01574   0.01776  0.001124   0.03462        90      1024     0.966    0.9709    0.9896    0.8732   0.01143   0.02183 0.0005398
   385/511     19.4G   0.01568   0.01812  0.001185   0.03498        98      1024     0.966    0.9715    0.9896    0.8733   0.01143   0.02183 0.0005381
   386/511     19.4G   0.01549   0.01795  0.001318   0.03476       112      1024    0.9678    0.9692    0.9896    0.8735   0.01142   0.02183 0.0005367
   387/511     19.4G   0.01545    0.0181  0.001161   0.03472       149      1024    0.9643     0.973    0.9896    0.8735   0.01141   0.02181 0.0005355
   388/511     19.4G    0.0155   0.01804  0.001231   0.03477       200      1024    0.9665    0.9714    0.9897    0.8738   0.01139    0.0218 0.0005342
   389/511     19.4G   0.01576   0.01837  0.001609   0.03574       238      1024    0.9654    0.9726    0.9897    0.8737   0.01139    0.0218 0.0005344
   390/511     19.4G   0.01568   0.01787  0.001299   0.03485       144      1024    0.9674    0.9705    0.9897    0.8738   0.01138   0.02181  0.000534
   391/511     19.4G   0.01569   0.01783  0.001131   0.03465        60      1024    0.9656    0.9724    0.9897    0.8737   0.01138   0.02181 0.0005328
   392/511     19.4G   0.01572   0.01768  0.001192   0.03459        90      1024    0.9659    0.9721    0.9897    0.8738   0.01137   0.02182 0.0005325
   393/511     19.4G   0.01578   0.01794  0.001239   0.03496       102      1024    0.9653    0.9728    0.9897    0.8741   0.01136   0.02182 0.0005323
   394/511     19.4G   0.01561   0.01795  0.001305   0.03487       165      1024    0.9658    0.9723    0.9898    0.8743   0.01135   0.02183 0.0005329
   395/511     19.4G   0.01516   0.01769  0.001051    0.0339        60      1024    0.9664    0.9718    0.9898    0.8743   0.01135   0.02183 0.0005322
   396/511     19.4G   0.01585    0.0177  0.001089   0.03463        64      1024    0.9666    0.9719    0.9898    0.8743   0.01134   0.02183  0.000533
   397/511     19.4G   0.01535   0.01787  0.001057   0.03428       100      1024    0.9669    0.9719    0.9898    0.8747   0.01134   0.02183 0.0005337
   398/511     19.4G   0.01529   0.01783  0.001047   0.03417        47      1024     0.967    0.9719    0.9898    0.8747   0.01133   0.02183 0.0005338
   399/511     19.4G   0.01584   0.01777  0.001059   0.03467       133      1024    0.9672    0.9717    0.9899    0.8747   0.01132   0.02183  0.000534
   400/511     19.4G   0.01542   0.01788  0.001252   0.03455        66      1024    0.9676     0.971    0.9899    0.8747   0.01132   0.02184 0.0005339
   401/511     19.4G   0.01582    0.0177  0.001167   0.03469       122      1024    0.9679    0.9708    0.9899     0.875   0.01131   0.02183 0.0005352
   402/511     19.4G   0.01509    0.0179  0.001154   0.03415        98      1024    0.9657    0.9733    0.9899    0.8751    0.0113   0.02184 0.0005352
   403/511     19.4G   0.01543   0.01792  0.001036   0.03439        99      1024    0.9669    0.9727      0.99    0.8751    0.0113   0.02183 0.0005352
   404/511     19.4G   0.01552   0.01751  0.001103   0.03413        55      1024    0.9669     0.973      0.99    0.8754   0.01129   0.02184 0.0005352
   405/511     19.4G   0.01553   0.01782  0.001172   0.03452       100      1024    0.9677    0.9722      0.99    0.8753   0.01128   0.02183 0.0005344
   406/511     19.4G   0.01524   0.01738  0.001044   0.03366        61      1024    0.9679     0.972      0.99    0.8756   0.01128   0.02182 0.0005337
   407/511     19.4G   0.01514   0.01762  0.001051   0.03381        61      1024    0.9673    0.9727      0.99    0.8757   0.01127   0.02182 0.0005321
   408/511     19.4G   0.01602   0.01805  0.001481   0.03555       115      1024    0.9679    0.9726      0.99    0.8757   0.01126   0.02182 0.0005324
   409/511     19.4G   0.01568     0.018   0.00121   0.03489       128      1024    0.9677    0.9726      0.99    0.8759   0.01126   0.02183 0.0005325
   410/511     19.4G   0.01561   0.01785  0.001207   0.03467        73      1024    0.9676    0.9726    0.9901    0.8756   0.01126   0.02184 0.0005323
   411/511     19.4G   0.01712   0.01925  0.002495   0.03887        83      1024    0.9678    0.9725      0.99    0.8759   0.01125   0.02185 0.0005328
   412/511     19.4G   0.01716   0.01921  0.002252   0.03862        99      1024     0.969    0.9713      0.99     0.876   0.01126   0.02187 0.0005381
   413/511     19.4G   0.01681   0.01859  0.001678   0.03708        43      1024    0.9679    0.9723      0.99    0.8756   0.01126   0.02188 0.0005432
   414/511     19.4G   0.01641   0.01811   0.00138   0.03589       109      1024    0.9683    0.9722      0.99    0.8758   0.01126   0.02189 0.0005451
   415/511     19.4G   0.01606   0.01807  0.001175   0.03531        98      1024     0.968    0.9718      0.99    0.8756   0.01126   0.02189  0.000546
   416/511     19.4G   0.01579   0.01792  0.001136   0.03485       120      1024    0.9684    0.9714      0.99    0.8757   0.01126    0.0219 0.0005472
   417/511     19.4G   0.01595   0.01879  0.001327   0.03606       122      1024    0.9649    0.9722    0.9897    0.8731   0.01139   0.02203 0.0005618
   418/511     19.4G   0.01599   0.01831    0.0012    0.0355       124      1024    0.9629     0.971    0.9893    0.8689   0.01163    0.0223 0.0005956
   419/511     19.4G   0.01585   0.01804  0.001084   0.03497       143      1024    0.9645    0.9668     0.989    0.8649   0.01182   0.02251  0.000622
   420/511     19.4G   0.01566   0.01789  0.001035   0.03459       107      1024    0.9649    0.9636    0.9886    0.8626   0.01198   0.02267 0.0006449
   421/511     19.4G   0.01565   0.01801  0.001326   0.03498       125      1024    0.9638    0.9634    0.9883    0.8603    0.0121    0.0228 0.0006668
   422/511     19.4G    0.0154   0.01815  0.001013   0.03456       107      1024    0.9633    0.9622    0.9881     0.859   0.01218    0.0229 0.0006867
   423/511     19.4G   0.01558   0.01757  0.001066   0.03422        78      1024    0.9616    0.9621    0.9879    0.8581   0.01225   0.02299 0.0007054
   424/511     19.4G   0.01568   0.01784  0.001192    0.0347        55      1024    0.9533    0.9684    0.9876     0.857   0.01229   0.02305 0.0007227
   425/511     19.4G   0.01525   0.01756  0.001033   0.03385       114      1024    0.9552    0.9657    0.9874    0.8564   0.01233   0.02311 0.0007379
   426/511     19.4G   0.01534   0.01772  0.001039   0.03411       139      1024    0.9547    0.9648    0.9872    0.8558   0.01236   0.02315 0.0007515
   427/511     19.4G   0.01555   0.01767  0.001133   0.03435       140      1024    0.9571    0.9617    0.9871    0.8554   0.01238    0.0232 0.0007653
   428/511     19.4G   0.01565   0.01774  0.001253   0.03465       113      1024    0.9567     0.961    0.9868    0.8549   0.01242   0.02322 0.0007905
   429/511     19.4G   0.01509   0.01744 0.0009634    0.0335        80      1024    0.9562    0.9605    0.9866    0.8539   0.01245   0.02326 0.0008096
   430/511     19.4G   0.01513   0.01776 0.0009271   0.03382        84      1024     0.955    0.9606    0.9865    0.8536   0.01247   0.02328 0.0008218
   431/511     19.4G   0.01523   0.01742  0.001039   0.03369       147      1024     0.955    0.9602    0.9865    0.8536   0.01248    0.0233 0.0008298
   432/511     19.4G    0.0155   0.01764   0.00102   0.03416        79      1024    0.9564    0.9586    0.9864    0.8535   0.01248   0.02331 0.0008325
   433/511     19.4G    0.0154   0.01759  0.001059   0.03405       110      1024    0.9525    0.9625    0.9865    0.8533   0.01248   0.02332 0.0008351
   434/511     19.4G   0.01565   0.01752  0.001101   0.03428       116      1024    0.9556    0.9593    0.9865    0.8537   0.01248   0.02333 0.0008364
   435/511     19.4G   0.01517   0.01729  0.001039    0.0335        97      1024    0.9558    0.9594    0.9866    0.8537   0.01247   0.02332 0.0008365
   436/511     19.4G   0.01563   0.01768  0.001054   0.03436       136      1024     0.956    0.9595    0.9867    0.8538   0.01246   0.02333 0.0008344
   437/511     19.4G   0.01524   0.01759  0.001006   0.03384       183      1024    0.9505    0.9658    0.9867    0.8541   0.01245   0.02332 0.0008274
   438/511     19.4G   0.01497   0.01759  0.001015   0.03357       199      1024    0.9513    0.9651    0.9868    0.8544   0.01244   0.02332 0.0008198
   439/511     19.4G   0.01549   0.01763  0.001091   0.03422        67      1024    0.9534    0.9634    0.9868    0.8543   0.01243    0.0233 0.0008117
   440/511     19.4G   0.01495   0.01739 0.0009165   0.03325       222      1024     0.954    0.9633    0.9869    0.8546   0.01241   0.02329 0.0008011
   441/511     19.4G   0.01479   0.01724 0.0009153   0.03295        87      1024    0.9527    0.9649     0.987    0.8548   0.01239   0.02328 0.0007914
   442/511     19.4G   0.01554   0.01768  0.001085   0.03431       101      1024    0.9557    0.9625    0.9871    0.8552   0.01237   0.02325 0.0007839
   443/511     19.4G   0.01518   0.01743  0.001065   0.03368       163      1024    0.9557    0.9631    0.9872    0.8554   0.01235   0.02324 0.0007778
   444/511     19.4G   0.01558   0.01759  0.001394   0.03456        58      1024    0.9566    0.9624    0.9873    0.8554   0.01233   0.02323 0.0007698
   445/511     19.4G   0.01569   0.01769  0.001139   0.03451        68      1024    0.9597    0.9603    0.9874    0.8555   0.01231   0.02322  0.000763
   446/511     19.4G    0.0151   0.01745  0.001002   0.03354       121      1024    0.9578    0.9622    0.9875    0.8558    0.0123   0.02321  0.000758
   447/511     19.4G   0.01534    0.0177  0.001088   0.03413       175      1024     0.959    0.9619    0.9876     0.856   0.01228   0.02321  0.000749
   448/511     19.4G   0.01501   0.01731  0.001098   0.03342        48      1024    0.9563    0.9656    0.9877    0.8562   0.01227    0.0232 0.0007383
   449/511     19.4G   0.01538   0.01748  0.001007   0.03386        64      1024     0.958     0.965    0.9878    0.8566   0.01225   0.02318 0.0007314
   450/511     19.4G   0.01476   0.01751 0.0009778   0.03326        44      1024     0.958    0.9661    0.9879    0.8566   0.01222   0.02317 0.0007217
   451/511     19.4G   0.01509   0.01735 0.0009308   0.03337        86      1024    0.9581    0.9661     0.988    0.8568   0.01221   0.02315 0.0007143
   452/511     19.4G   0.01502   0.01741  0.001006   0.03344       141      1024    0.9594    0.9651    0.9881    0.8574   0.01219   0.02314 0.0007056
   453/511     19.4G   0.01523   0.01759   0.00121   0.03403       113      1024    0.9592    0.9655    0.9881    0.8578   0.01217   0.02312 0.0006979
   454/511     19.4G   0.01521   0.01761  0.000969   0.03378        58      1024     0.959     0.966    0.9882     0.858   0.01215    0.0231 0.0006929
   455/511     19.4G   0.01514   0.01759  0.001085   0.03382        73      1024    0.9596    0.9656    0.9883    0.8583   0.01214    0.0231 0.0006858
   456/511     19.4G   0.01529   0.01769  0.001218    0.0342       115      1024    0.9608    0.9646    0.9883    0.8582   0.01213   0.02308 0.0006806
   457/511     19.4G   0.01467   0.01744 0.0009549   0.03307        64      1024     0.961    0.9649    0.9884    0.8589   0.01211   0.02306 0.0006753
   458/511     19.4G   0.01575    0.0178  0.001562   0.03512        59      1024    0.9634    0.9628    0.9885      0.86   0.01206   0.02302  0.000665
   459/511     19.4G   0.01601   0.01788  0.001234   0.03513       128      1024    0.9635    0.9634    0.9887    0.8611   0.01201   0.02299 0.0006533
   460/511     19.4G   0.01535   0.01772  0.001105   0.03417       102      1024    0.9638    0.9636    0.9888    0.8616   0.01199   0.02296 0.0006455
   461/511     19.4G   0.01535   0.01722  0.001038    0.0336        66      1024    0.9624    0.9652    0.9888    0.8622   0.01196   0.02295 0.0006403
   462/511     19.4G   0.01451   0.01737 0.0009218   0.03281       177      1024    0.9588    0.9694    0.9889    0.8633   0.01193   0.02292 0.0006324
   463/511     19.4G   0.01513   0.01728  0.001001   0.03341       134      1024    0.9631    0.9657     0.989     0.864    0.0119   0.02289 0.0006256
   464/511     19.4G   0.01482   0.01733 0.0008893   0.03304       152      1024    0.9588    0.9707    0.9891    0.8652   0.01186   0.02286 0.0006164
   465/511     19.4G   0.01477   0.01718 0.0008586   0.03281       104      1024    0.9599    0.9705    0.9891    0.8659   0.01183   0.02284 0.0006092
   466/511     19.4G   0.01496   0.01732  0.001025   0.03331        80      1024    0.9598    0.9708    0.9892    0.8662   0.01181   0.02283 0.0006059
   467/511     19.4G   0.01491   0.01729 0.0009543   0.03315        76      1024    0.9608    0.9699    0.9893    0.8666   0.01179    0.0228 0.0006016
   468/511     19.4G   0.01502   0.01718 0.0009754   0.03318       118      1024    0.9638    0.9673    0.9893    0.8669   0.01177   0.02279 0.0005995
   469/511     19.4G   0.01535   0.01726   0.00114   0.03374       140      1024    0.9646    0.9671    0.9893    0.8673   0.01176   0.02277 0.0005962
   470/511     19.4G   0.01504   0.01711 0.0009187   0.03308        34      1024    0.9649    0.9673    0.9894    0.8679   0.01173   0.02275 0.0005926
   471/511     19.4G   0.01506   0.01715  0.001077   0.03329       168      1024    0.9651    0.9676    0.9895    0.8684   0.01171   0.02273 0.0005892
   472/511     19.4G   0.01535   0.01738  0.001083   0.03381       117      1024    0.9627    0.9705    0.9895    0.8691   0.01168    0.0227 0.0005852
   473/511     19.4G   0.01472   0.01711 0.0009642    0.0328       108      1024    0.9634    0.9707    0.9896    0.8695   0.01165   0.02267 0.0005814
   474/511     19.4G   0.01474   0.01735 0.0008305   0.03292       124      1024    0.9653    0.9694    0.9897      0.87   0.01163   0.02265 0.0005787
   475/511     19.4G    0.0154    0.0176  0.001386   0.03439       110      1024    0.9649      0.97    0.9897    0.8701   0.01162   0.02264 0.0005801
   476/511     19.4G   0.01497    0.0173   0.00107   0.03334        90      1024    0.9645    0.9708    0.9897    0.8703    0.0116   0.02262 0.0005784
   477/511     19.4G   0.01518   0.01742  0.001084   0.03368       140      1024    0.9649    0.9705    0.9897    0.8709   0.01158    0.0226  0.000577
   478/511     19.4G   0.01502   0.01724  0.001044    0.0333       122      1024    0.9646    0.9709    0.9898    0.8713   0.01156   0.02258 0.0005741
   479/511     19.4G   0.01514   0.01717 0.0009307   0.03324        64      1024    0.9667    0.9689    0.9898    0.8719   0.01154   0.02256 0.0005717
   480/511     19.4G   0.01462   0.01713 0.0008086   0.03256       132      1024    0.9656    0.9703    0.9899    0.8727   0.01151   0.02254 0.0005678
   481/511     19.4G   0.01511   0.01718   0.00099   0.03328        28      1024    0.9654    0.9708    0.9899    0.8733   0.01148    0.0225 0.0005647
   482/511     19.4G   0.01535   0.01704 0.0009789   0.03337       103      1024    0.9656    0.9708      0.99    0.8735   0.01147   0.02249 0.0005626
   483/511     19.4G   0.01508   0.01714 0.0008914   0.03311        78      1024    0.9649    0.9719      0.99    0.8741   0.01145   0.02247 0.0005608
   484/511     19.4G   0.01548   0.01697  0.001041   0.03349        30      1024    0.9657    0.9715    0.9901    0.8746   0.01142   0.02245 0.0005581
   485/511     19.4G    0.0149   0.01719  0.001025   0.03312       146      1024    0.9671    0.9705    0.9901    0.8751    0.0114   0.02242 0.0005555
   486/511     19.4G   0.01513   0.01771  0.001301   0.03415       161      1024    0.9673    0.9708    0.9901    0.8753   0.01137   0.02239  0.000552
   487/511     19.4G   0.01462   0.01712 0.0008748   0.03262       139      1024    0.9666    0.9715    0.9902    0.8759   0.01135   0.02237 0.0005498
   488/511     19.4G   0.01498   0.01744  0.001064   0.03349        81      1024    0.9666    0.9717    0.9902    0.8763   0.01133   0.02235 0.0005495
   489/511     19.4G    0.0153   0.01707   0.00112   0.03349       169      1024    0.9671    0.9716    0.9902    0.8768   0.01131   0.02233 0.0005488
   490/511     19.4G   0.01491   0.01729 0.0009639   0.03316       157      1024     0.967    0.9717    0.9902    0.8769    0.0113   0.02232 0.0005483
   491/511     19.4G   0.01471    0.0172 0.0009096   0.03283        84      1024    0.9676    0.9717    0.9903    0.8771   0.01127    0.0223 0.0005473
   492/511     19.4G   0.01507    0.0172 0.0009748   0.03324       134      1024    0.9672    0.9724    0.9904    0.8776   0.01125   0.02228 0.0005462
   493/511     19.4G     0.015   0.01697 0.0009616   0.03292       132      1024    0.9683    0.9712    0.9904    0.8775   0.01124   0.02227 0.0005457
   494/511     19.4G   0.01489   0.01739   0.00116   0.03343       126      1024    0.9662    0.9734    0.9904     0.878   0.01122   0.02225 0.0005453
   495/511     19.4G   0.01528   0.01723  0.001156   0.03366       111      1024    0.9666    0.9732    0.9904    0.8781   0.01121   0.02225 0.0005445
   496/511     19.4G   0.01502   0.01704  0.001049   0.03311        83      1024    0.9676    0.9724    0.9905    0.8784    0.0112   0.02223 0.0005438
   497/511     19.4G   0.01533   0.01707 0.0009477   0.03335       189      1024    0.9673     0.973    0.9905    0.8784   0.01119   0.02222  0.000542
   498/511     19.4G   0.01512   0.01716  0.001016    0.0333       142      1024    0.9671    0.9733    0.9905    0.8787   0.01117   0.02219 0.0005399
   499/511     19.4G   0.01461     0.017  0.000871   0.03248       133      1024    0.9677    0.9728    0.9905    0.8793   0.01115   0.02218 0.0005386
   500/511     19.4G   0.01522   0.01696  0.001083   0.03326       117      1024    0.9675     0.973    0.9905    0.8793   0.01114   0.02216 0.0005373
   501/511     19.4G   0.01483   0.01707 0.0008367   0.03274        80      1024    0.9667     0.974    0.9906    0.8794   0.01112   0.02214 0.0005367
   502/511     19.4G   0.01458   0.01707 0.0008236   0.03247       131      1024    0.9667    0.9742    0.9906    0.8793   0.01111   0.02212 0.0005361
   503/511     19.4G   0.01509   0.01715  0.001048   0.03328       163      1024    0.9669    0.9742    0.9906    0.8802   0.01109    0.0221 0.0005344
   504/511     19.4G     0.015    0.0172  0.000989    0.0332        93      1024    0.9672    0.9741    0.9906    0.8803   0.01108   0.02208 0.0005324
   505/511     19.4G    0.0149   0.01705 0.0009984   0.03295        87      1024    0.9694    0.9723    0.9907    0.8805   0.01107   0.02207 0.0005314
   506/511     19.4G   0.01511   0.01722  0.001002   0.03333       182      1024    0.9694    0.9725    0.9907    0.8806   0.01106   0.02206 0.0005307
   507/511     19.4G   0.01521   0.01711 0.0009479   0.03326       168      1024    0.9692    0.9727    0.9907     0.881   0.01105   0.02205 0.0005282
   508/511     19.4G   0.01525   0.01728  0.001248   0.03378       109      1024    0.9706    0.9714    0.9907    0.8812   0.01104   0.02203 0.0005271
   509/511     19.4G   0.01509   0.01698  0.001016   0.03308       153      1024    0.9741    0.9681    0.9907    0.8814   0.01104   0.02202 0.0005258
   510/511     19.4G   0.01535   0.01681  0.000949   0.03311        32      1024    0.9737    0.9689    0.9908    0.8818   0.01103   0.02201 0.0005239
   511/511     19.4G   0.01478   0.01718  0.001001   0.03296       136      1024    0.9737    0.9691    0.9908     0.882   0.01102     0.022 0.0005233
